20.333982
15.403433
4.510549
3.4420369
2.1875932
1.4875902
1.3785747
1.1359385
0.7879249
0.7694065
0.6935021
0.5916245
0.46443105
0.42508283
0.39825284
0.38350764
0.34903702
0.3128925
0.2778678
0.27650836
0.25315684
0.22759952
0.21501483
0.21048628
0.19027467
0.17185575
0.15728971
0.15173279
0.14801598
0.13993748
0.12680401
0.12187525
0.117833234
0.11293063
0.10870974
0.09961076
0.09806648
0.09603837
0.08639582
0.085433155
0.085184015
0.08203798
0.078711286
0.07713622
0.07562987
0.074443616
0.07063463
0.06811985
0.06440819
0.06360562
0.062492315
0.06129289
0.058988284
0.05771266
0.056966264
0.05563334
0.055463072
0.05247188
0.050807927
0.05041127
0.04756456
0.04519659
0.044524416
0.04380088
0.042871647
0.041346453
0.039549176
0.03879845
0.038036287
0.037482567
0.037220985
0.036297485
0.03452179
0.034498133
0.03343209
0.033319067
0.031852312
0.030979495
0.030023875
0.029990815
0.0294693
0.02876482
0.027536262
0.027282862
0.026867386
0.025925951
0.025052661
0.024428142
0.024184128
0.023896646
0.023420217
0.023002038
0.02248895
0.02195079
0.021725368
0.021133734
0.020736719
0.019678166
0.019499725
0.018923521
0.018820008
0.018519104
0.018221032
0.017764319
0.017540041
0.016253492
0.015946804
0.014752708
0.014727801
0.01429474
0.014166492
0.013651108
0.013575069
0.013418018
0.013215731
0.012908757
0.012570971
0.012423308
0.01232312
0.012025721
0.011766465
0.010875175
0.010474809
0.0099723395
0.009952345
0.009244162
0.008306261
0.0062095667
0.0045921938
0.0037430124
0.003586186
0.0035556625
