-0.16025627,0.079725474,0.12126781,-3.7303918E-10,0.27276474,-0.0014470115,-0.19312298,0.0045157527,0.07050195,0.095046885,-0.05352315,0.07525186,-0.018493071,0.097247034,0.09311255,0.19153929,0.11496854,0.2267179,0.017815534,-0.021763502,-0.036245774,-0.12116452,-0.1085973,-0.12174444,-0.120231874,0.17936885,0.2198181,-0.14363751,-0.17439032,-0.1771862,-0.10833663,-0.09497523,0.13743438,-0.021252858,-0.025024915,-0.17268011,0.039845254,0.07418642,-0.052821003,0.07545798,-0.004320617,0.22270666,-0.08374593
-0.079725474,-0.16025627,3.730131E-10,0.12126781,0.031224115,0.14712569,-0.021706628,0.11942056,0.116047814,0.044719744,-0.0012016125,-0.033013903,0.16405162,0.020839207,-0.04885507,-0.015934402,-0.014249313,-0.002643812,0.06272385,0.10401221,0.071754396,-0.007505196,-0.08937341,0.12545374,3.7500542E-4,0.001711684,0.039785497,-0.040164858,-0.004070932,-0.09105466,0.09029545,0.17208606,-0.033884235,0.40157992,0.021437516,0.050038956,-0.24942555,0.27294964,0.12158469,0.17941868,-0.3239777,-0.036513224,0.15373902
-0.16161786,0.027128248,0.12126781,-3.4463327E-10,0.2679192,-0.04923698,-0.15820703,0.024991447,0.08139539,0.054018293,-0.07409576,0.15898214,-0.001036498,0.040354244,0.0070533045,0.14457034,0.018986298,0.11871337,0.069627546,0.007762668,-0.063034706,0.016427021,-0.057597797,-0.10470724,-0.009211798,0.024837457,0.0874814,-0.09123737,-0.08788372,0.006545829,0.032703012,-0.121124096,-0.049835846,0.07268534,-0.080468245,-0.02354528,-0.05754986,-0.050038572,0.018335355,0.05357129,0.116427444,-0.23171698,-0.030305494
-0.027128248,-0.16161786,3.4462438E-10,0.12126781,0.015759218,0.088485874,-0.029676538,0.079227604,0.11507694,0.065688655,0.06535196,0.03286486,0.16994964,0.008823359,-0.2101669,-0.01125835,0.050665017,-0.08880221,-0.19707642,-0.07852935,-0.18116222,0.22086488,-0.03444776,0.082047805,0.07641375,0.13893723,0.10901843,-0.06797913,0.2934635,-0.067223094,0.17331666,-0.1285387,-0.09643795,0.11745591,0.035071887,0.015608625,-0.11475471,0.06451904,0.08556053,0.22495684,0.013231139,0.05371393,0.070069894
-0.15653783,-0.021578921,0.12126781,-3.0543768E-10,0.27334437,-0.10700838,-0.15149486,0.04161999,0.088990286,0.016036248,-0.073732175,0.18059145,-0.008793577,0.06119218,-0.03880926,0.07569231,0.085471585,0.08445204,0.015637228,0.00811718,-0.08494883,0.067542836,-0.046579756,-0.04953468,-0.0017000269,-0.0911387,0.04763524,0.04479094,0.016574992,0.079124235,0.09765331,-0.1172216,-0.12984763,0.003391381,-0.022587737,0.10504038,-0.01389327,-0.096650206,-0.016747229,2.39345E-4,0.0074049635,-0.15173803,-0.031166842
0.021578921,-0.15653783,3.0544473E-10,0.12126781,0.003582669,0.006073622,-0.038466293,0.03704052,0.057402425,0.04032688,0.18790703,0.008465298,0.16159691,0.06259295,-0.17015412,8.8174833E-4,0.107714005,-0.12246193,-0.28870922,-0.1635117,-0.28595603,0.25234908,-0.06644,-0.07010234,0.06906391,0.052382614,0.13551527,-0.0130271325,0.2507346,-0.069373846,-0.054062374,-0.08701427,0.003998839,-0.21453036,-0.07292832,-0.0680682,0.16843642,-0.08656215,-0.054243878,-0.10291723,0.06842799,0.046794243,-0.06564932
-0.14550023,-0.07279188,0.12126781,-2.5264574E-10,0.2803671,-0.21769975,-0.10627223,0.096316084,0.048184726,-0.066730954,6.964913E-4,0.14680788,-0.0013787745,0.042377777,-0.075693004,-0.08655329,0.030907976,0.027886497,0.041108683,0.01394154,-0.036593407,0.08923928,-0.09307424,-0.025425479,-0.013624803,-0.27321494,-0.12102592,0.14228876,0.0073553203,0.10608398,0.0139944535,0.06987164,-0.024371931,0.0034618925,0.10260358,0.19158685,0.09889499,0.032009624,-0.031100063,-0.23552576,-0.15434675,0.120016195,0.07615984
0.07279188,-0.14550023,2.5266958E-10,0.12126781,0.023438213,-0.07896228,-0.055085756,-9.823306E-4,0.02735286,-0.07370189,0.3669384,-0.022777967,0.061222166,-0.0039026896,-0.09498251,-0.021520525,-0.01937788,-0.04257437,-0.08531755,-0.04456677,-0.11092722,0.031429213,-0.212942,-0.077104084,-0.04884172,-0.14815608,-0.11159951,-0.032679476,-0.18954661,-0.07987827,-0.31448215,0.2933986,0.22112128,-0.059998613,-0.07119641,-0.114088446,0.051172476,0.13692906,-0.026746325,-0.13632523,-0.07318806,-0.16058765,0.013359745
-0.124256566,-0.12030988,0.12126781,-1.812958E-10,0.21128194,-0.2522464,-0.08072256,0.10697543,-0.006355373,-0.077704355,0.088462174,0.11028458,-0.086826794,0.049506754,-0.042060226,-0.24247456,-0.07149479,-0.07900381,-0.027105212,0.038907096,0.072916344,-0.042311046,0.059873644,0.090646476,-0.0025500334,7.3389855E-4,-0.3059541,0.062450413,0.083020575,0.04822359,-0.027970383,-1.5989247E-4,0.13298723,0.009407871,0.08495426,0.15606757,-0.12823866,0.103459165,-4.772721E-5,0.06298183,0.13834582,0.18441695,-0.11648772
0.12030988,-0.124256566,1.8133518E-10,0.12126781,-0.044142645,0.10048997,-0.11204919,-0.08330124,0.0667028,-0.029637434,0.29796,0.114332825,0.0063986597,-0.037888847,-0.10206477,-0.053785603,-0.06536966,-0.12750094,-0.08937346,-0.036237944,0.065010235,-0.26645485,0.06704522,-0.17796648,0.053435225,-0.12424639,-0.10963094,-0.14177279,-0.24820462,0.003430387,0.023767408,-0.23284455,0.13152608,0.10220808,0.032864887,-0.012611969,-0.1603134,0.05734882,-0.018491827,0.22807534,0.17381324,-0.020380769,-0.22293596
-0.091356955,-0.1539411,0.12126781,-9.44809E-11,0.10599268,-0.18253702,-0.048646454,0.07498148,-0.017587202,-0.05410075,0.1302438,0.052799348,-0.16090429,0.074856736,0.007418165,-0.21379049,-0.14384387,-0.14983065,-0.063707404,0.0071917055,0.19551644,-0.21246554,0.23181635,0.08560601,-0.116238736,0.29964486,-0.09362124,-0.047759097,0.1728945,-0.07144607,-0.029797396,-0.056478992,-0.07228672,-0.14206573,-0.07335905,-0.1295014,-0.0042087724,-0.102036975,0.06922553,0.06731301,-0.017261514,-0.10926278,0.19504362
0.1539411,-0.091356955,9.453131E-11,0.12126781,-0.048422676,0.15480705,-0.15842602,-0.11132861,0.02775921,0.03128078,0.17338692,0.17772219,0.041311275,0.009130329,0.01774738,-0.08067064,-0.03724508,-0.055465996,-0.021263951,-0.029679962,0.12302305,-0.19212046,0.08654824,-0.13756679,-0.0029221792,-0.12322448,0.21759184,-0.025901834,-0.2183767,0.0641556,0.2111317,-0.299127,-0.083397835,0.039514136,0.09029648,0.045836195,0.112118416,-0.07447897,-0.03596476,-0.19428375,-0.11703019,0.081928566,0.25107822
-0.049209163,-0.17877388,0.12126781,5.9199373E-12,-0.0043167532,-0.061337497,-0.026152212,0.017295629,-0.012946856,-0.013068706,0.060825303,-0.026528703,-0.14576891,0.06756639,0.04720001,-0.05994952,-0.023894021,-0.090663455,-0.08291391,-0.051498555,0.15266141,-0.1630272,0.1808103,-0.009501479,-0.015204512,0.1148672,0.22595997,-0.031563707,0.13791898,-0.119035564,0.034340527,0.12847233,-0.123228155,0.029162697,-0.085285045,-0.023223476,0.15463549,-0.13866799,-0.07492607,-0.07242353,-0.24706519,-0.092621304,-0.10550704
0.17877388,-0.049209163,-5.861406E-12,0.12126781,-0.02568891,0.10713348,-0.1770581,-0.0841464,-0.0829336,0.082968585,0.07675751,0.19833304,0.02942682,0.07632456,0.16930439,-0.16526729,5.8381737E-4,0.056210034,0.07513195,0.02967798,0.046654366,0.12674922,0.003717547,0.105099134,0.0016044413,0.089612976,0.1360645,0.10550193,-0.07539081,-0.014538892,-0.024724454,-0.03406478,-0.005293698,0.034181952,-0.047420476,0.077722766,0.061779775,0.009488473,-0.02394429,-0.056965765,-0.046723105,-0.021828637,0.022604253
6.943552E-11,-0.1878362,0.12126781,1.11328904E-10,-0.052299306,-1.0830234E-9,-2.1020313E-8,1.5174841E-8,1.7845803E-8,-2.0665691E-8,-0.02351964,6.436335E-8,-0.113048285,-8.1268226E-8,-1.0284787E-7,-2.8309373E-8,-5.9201636E-8,1.3842203E-9,1.7299112E-7,-4.4958796E-8,0.12702912,-1.8291362E-7,0.0642294,1.594468E-6,-0.0575169,3.6941378E-6,0.4361996,5.1882967E-6,0.040416595,4.3708468E-7,2.1612555E-6,0.30614924,1.5937766E-6,0.032617778,1.3826135E-6,0.18828547,4.6860305E-7,2.8096574E-7,-0.095036075,-0.0067519103,7.2333944E-7,5.346372E-7,-0.32950476
0.1878362,7.0314025E-11,-1.11267405E-10,0.12126781,8.16474E-9,0.08399291,-0.18191135,-0.06617257,-0.11518858,0.104424104,-9.163371E-8,0.1996507,-1.2853276E-7,0.069879,0.20083556,-0.20289336,0.029830256,0.0643424,0.13547856,0.020743264,1.378672E-7,0.26844972,-4.3958557E-6,0.18575183,3.454431E-7,0.15017964,-2.2521024E-6,0.08912279,-7.109893E-8,0.006343356,-0.14145759,4.976932E-7,0.118738145,-7.3004884E-7,-0.06447574,-8.472065E-8,-0.082066536,0.0017465686,-7.3066803E-7,2.416043E-7,0.114580095,-0.015451438,2.3733428E-6
0.049209163,-0.17877388,0.12126781,2.0599555E-10,-0.004316747,0.061337493,0.02615222,-0.017295616,0.012946854,0.013068768,0.06082525,0.02652871,-0.14576858,-0.06756659,-0.04720022,0.059949294,0.023893818,0.09066341,0.082914226,0.051498234,0.15266173,0.16302639,0.18080948,0.009510269,-0.0152046215,-0.11486316,0.22596125,0.03156926,0.13791893,0.119036414,-0.03433965,0.12847133,0.12322965,0.029164169,0.085285515,-0.023225885,-0.154634,0.13866834,-0.07492473,-0.072421275,0.24706669,0.092623174,-0.10550239
0.17877388,0.049209163,-2.0593703E-10,0.12126781,0.025688952,0.10713352,-0.1770581,-0.084146604,-0.08293376,0.08296855,-0.07675778,0.19833308,-0.029427033,0.076324515,0.16930452,-0.16526718,5.8362767E-4,0.056210246,0.07513198,0.029677978,-0.04665443,0.1267495,-0.0037228917,0.10509873,-0.00160438,0.08961073,-0.13606863,0.105497755,0.075391196,-0.014539034,-0.024722932,0.034065403,-0.005292741,-0.034182623,-0.047421552,-0.07772228,0.061779313,0.009488234,0.023944236,0.056965377,-0.046723574,-0.02182879,-0.022604778
0.091356955,-0.1539411,0.12126781,2.7696004E-10,0.10599263,0.18253726,0.04864652,-0.07498146,0.017587222,0.05410104,0.13024372,-0.052799195,-0.16090463,-0.07485714,-0.007418136,0.21379083,0.14384337,0.14983101,0.06370782,-0.0071922103,0.19551669,0.21246521,0.23181991,-0.0855941,-0.11623941,-0.2996461,-0.0936168,0.047756113,0.1728941,0.07144627,0.02979715,-0.056480836,0.07228678,-0.1420643,0.07335773,-0.12950285,0.004208246,0.10203764,0.06922627,0.06731346,0.017258575,0.109264135,0.19504315
0.1539411,0.091356955,-2.7690963E-10,0.12126781,0.04842275,0.15480699,-0.15842584,-0.11132881,0.02775915,0.031280532,-0.17338683,0.17772232,-0.041311327,0.009130141,0.017747343,-0.08067085,-0.037244916,-0.055466343,-0.021264581,-0.029679906,-0.12302352,-0.19212005,-0.086541854,-0.1375718,0.0029220583,-0.12322813,-0.21758981,-0.025907861,0.21837664,0.06415723,0.21113682,0.2991237,-0.08339466,-0.039512042,0.09029603,-0.045836024,0.11211745,-0.07448003,0.035966255,0.19428319,-0.11703016,0.08193028,-0.2510864
0.124256566,-0.12030988,0.12126781,3.2390907E-10,0.21128185,0.2522464,0.08072265,-0.10697551,0.006355443,0.07770453,0.08846216,-0.11028462,-0.086827055,-0.049506955,0.04206016,0.24247487,0.07149469,0.07900435,0.027105682,-0.038907427,0.07291592,0.042310957,0.05987794,-0.09064378,-0.0025499044,-7.3985575E-4,-0.30595288,-0.06245821,0.083020374,-0.048223644,0.02796987,-1.5860205E-4,-0.13298675,0.009406328,-0.08495346,0.15606983,0.12823698,-0.10345918,-4.8561156E-5,0.06298015,-0.13834499,-0.18441775,-0.11649001
0.12030988,0.124256566,-3.2386968E-10,0.12126781,0.04414265,0.10049,-0.11204921,-0.08330129,0.0667028,-0.029637866,-0.29795995,0.11433272,-0.0063983607,-0.037888892,-0.102064855,-0.05378554,-0.065369844,-0.1275013,-0.08937339,-0.03623759,-0.06501041,-0.26645446,-0.067036465,-0.17796952,-0.05343568,-0.12424429,0.10963654,-0.14177151,0.2482045,0.0034316503,0.023771985,0.23284273,0.13152815,-0.102207795,0.03286515,0.01261073,-0.16031261,0.057350826,0.018490788,-0.22807524,0.17381212,-0.020379212,0.22294435
0.14550023,-0.07279188,0.12126781,3.38932E-10,0.28036705,0.21769941,0.10627196,-0.09631598,-0.048184585,0.06673076,6.96446E-4,-0.14680773,-0.0013782756,-0.042377643,0.075692795,0.0865526,-0.03090767,-0.02788665,-0.041108888,-0.013941595,-0.036593378,-0.08923881,-0.09307453,0.025420448,-0.013623881,0.2732115,-0.121026844,-0.14228979,0.0073550176,-0.10608235,-0.013995847,0.06987271,0.024371892,0.0034610587,-0.10260211,0.19158702,-0.09889434,-0.032007966,-0.031100923,-0.23552568,0.15434735,-0.120017245,0.07616425
0.07279188,0.14550023,-3.3890818E-10,0.12126781,-0.023438228,-0.078962184,-0.055085804,-9.823843E-4,0.027352853,-0.07370246,-0.36693934,-0.022778168,-0.061222114,-0.0039029028,-0.094982274,-0.021519996,-0.019378074,-0.04257411,-0.085316904,-0.04456704,0.110927664,0.031429037,0.21294507,-0.07709368,0.048841175,-0.14815477,0.11160366,-0.03267735,0.18954626,-0.07987832,-0.31448743,-0.29339576,0.22111776,0.05999627,-0.0711956,0.11408875,0.05117162,0.13692869,0.026746029,0.13632399,-0.07318856,-0.1605887,-0.013364281
0.15653783,-0.021578921,0.12126781,3.3101696E-10,0.27334455,0.10700832,0.15149495,-0.041619837,-0.08899036,-0.016036477,-0.07373224,-0.18059166,-0.008793194,-0.06119226,0.038809124,-0.075692825,-0.0854716,-0.08445265,-0.015637515,-0.008116758,-0.08494923,-0.0675427,-0.046582583,0.049532678,-0.0017010327,0.091139816,0.04763426,-0.044789854,0.016574614,-0.079123996,-0.097655945,-0.11722154,0.12984592,0.003390758,0.022588387,0.10504048,0.013892582,0.09664929,-0.016746849,2.3919345E-4,-0.0074049574,0.15173656,-0.031174075
0.021578921,0.15653783,-3.3100991E-10,0.12126781,-0.0035826706,0.0060736146,-0.038466353,0.037040483,0.057402365,0.04032656,-0.1879069,0.008465335,-0.16159695,0.06259247,-0.17015435,8.818716E-4,0.10771389,-0.12246151,-0.28870893,-0.16351223,0.28595805,0.25234783,0.066443406,-0.07009871,-0.06906406,0.05238051,-0.13551597,-0.013029154,-0.25073448,-0.06937465,-0.054062504,0.08701536,0.0039998586,0.21452919,-0.072928675,0.06806944,0.16843668,-0.08656373,0.05424475,0.102918826,0.06842713,0.046793878,0.065649904
0.16161786,0.027128248,0.12126781,3.124759E-10,0.26791963,0.049236897,0.15820709,-0.02499158,-0.08139555,-0.054018266,-0.074095935,-0.15898217,-0.0010366713,-0.040354494,-0.0070531596,-0.14456998,-0.018986212,-0.11871368,-0.069627814,-0.0077623846,-0.06303508,-0.01642698,-0.0576044,0.10470463,-0.009211183,-0.0248354,0.087478526,0.0912394,-0.08788436,-0.0065469025,-0.032704264,-0.12112574,0.049834587,0.07268667,0.08046744,-0.023547018,0.057549942,0.05003767,0.018335855,0.053571954,-0.11642738,0.2317175,-0.030310221
-0.027128248,0.16161786,-3.124848E-10,0.12126781,-0.015759202,0.088485874,-0.029676551,0.07922755,0.11507689,0.06568853,-0.065352276,0.03286489,-0.16994907,0.008822889,-0.21016672,-0.011258168,0.05066481,-0.08880177,-0.19707593,-0.0785297,0.18116337,0.22086452,0.034443818,0.0820498,-0.07641339,0.13893536,-0.10901986,-0.067980826,-0.29346287,-0.067223266,0.17332052,0.12853682,-0.09643706,-0.117454655,0.035072666,-0.015608664,-0.11475498,0.06452017,-0.08556083,-0.22495759,0.013232487,0.053714495,-0.07007222
0.16025627,0.079725474,0.12126781,2.7853397E-10,0.27276453,0.0014469116,0.19312285,-0.00451575,-0.07050183,-0.095046885,-0.05352255,-0.07525164,-0.018492332,-0.09724671,-0.09311268,-0.19153921,-0.11496843,-0.22671735,-0.017815473,0.021763835,-0.03624437,0.12116488,-0.108602375,0.121739514,-0.12023151,-0.17936486,0.21981871,0.14364235,-0.17438997,0.17718516,0.10833653,-0.09497494,-0.13743515,-0.021252321,0.025024373,-0.17268014,-0.03984454,-0.07418689,-0.052821353,0.0754575,0.004321705,-0.22270484,-0.08373933
-0.079725474,0.16025627,-2.7856006E-10,0.12126781,-0.031224098,0.14712562,-0.021706652,0.11942046,0.11604796,0.044719722,0.0012015771,-0.033014018,-0.16405183,0.020838687,-0.048855416,-0.015934348,-0.014249466,-0.0026441435,0.06272356,0.10401221,-0.07175453,-0.0075049177,0.08936752,0.1254582,-3.745247E-4,0.0017103031,-0.039784584,-0.040165063,0.0040709297,-0.09105347,0.090295635,-0.17208704,-0.03388644,-0.40157697,0.021438397,-0.050040875,-0.2494249,0.2729509,-0.12158755,-0.17942005,-0.3239751,-0.036511637,-0.15373836
0.12777306,0.11146065,0.12126781,1.9368937E-10,0.047522645,-0.016997239,0.124758534,0.12154314,0.06865241,-0.15330093,0.047695737,0.09714005,0.05549192,0.062688336,0.13313046,0.007196552,0.1592951,-0.06884644,-0.098353595,0.23401754,0.13487259,0.041676197,-0.047787014,-0.11296019,0.13828745,0.002318416,-0.0067498647,-0.015713371,0.061050933,0.034262057,0.006891868,0.031442985,-0.027509233,0.06854772,-0.027742192,-0.20953238,0.015411344,-0.049545977,0.21886843,-0.06726017,-0.031484596,-0.02059445,-0.08453807
-0.11146065,0.12777306,-1.9372587E-10,0.12126781,-4.993732E-4,0.13791732,0.018158043,0.009790959,-0.05102657,-0.17016864,0.12690313,0.06636127,-0.20873414,0.09900527,0.04633836,0.1856721,-0.16612063,0.102935694,-0.23940013,0.14504303,0.007894411,-0.042582028,-0.070062086,0.23793536,0.13748825,-8.122721E-4,0.07762296,-0.016930673,0.06161595,0.027018985,-0.039646327,-0.03457809,0.13492215,0.07588804,0.13671617,0.031472974,0.0061736368,-0.12907521,0.22590151,-0.117234334,0.051418014,0.042502053,0.045170955
0.099081695,0.13562351,0.12126781,1.2104129E-10,0.0028673112,0.0039069834,0.085419185,0.14046955,0.10850661,-0.14193065,0.069119886,0.1012783,0.09006231,0.070824616,0.1523975,0.0879092,-0.009459807,-0.035892535,-0.054454304,0.08142589,0.18651417,0.02899892,-0.09117835,-0.031431306,0.15837023,0.025737923,0.038854513,-0.025675032,0.08046669,0.03175343,-0.017181382,-0.0018215177,-4.3266985E-4,-0.021726616,0.041859794,-0.11176392,-0.017490579,0.017551478,0.08804576,-0.06706796,0.027109507,0.022712179,-0.0791059
-0.13562351,0.099081695,-1.2108568E-10,0.12126781,-0.0017387938,0.08707883,0.06557048,-0.04605794,-0.083775505,-0.11007393,0.10289022,0.09771605,-0.16307601,-0.04225418,-0.04971179,0.09920383,-0.06835279,-0.016253274,0.0441321,-0.15092903,-0.059453428,-0.008982098,-0.08924427,0.11881388,0.013991787,-0.03784196,0.075657025,0.11618518,0.020223152,-0.027699407,0.053166214,0.03205888,0.11852697,0.03812774,-0.0017793844,0.10543381,0.018096333,-0.0982449,0.00794382,0.057202462,-0.0326108,-0.03863585,0.07757463
0.064520925,0.13538235,0.12126781,5.092528E-11,-0.033938605,0.0026590175,0.054804508,0.12790129,0.12145161,-0.08369966,0.07519671,0.10161438,0.09601952,-0.0018393566,0.10328987,0.10606659,-0.106549054,-0.0721265,0.07403809,-0.18826973,0.13020466,0.016001824,-0.079006895,-0.019133992,0.094560266,0.027117142,-0.005769532,0.04266179,0.06634812,-0.020049835,0.0028135453,-0.02047942,0.0077934177,-0.09185036,-0.022546949,0.11620142,0.007946675,0.031536646,-0.18542747,0.089353524,-0.026360802,-0.015432571,0.05622774
-0.13538235,0.064520925,-5.096961E-11,0.12126781,-0.0081895115,0.03858066,0.108399436,-0.057220623,-0.13380288,-0.119085595,0.07967805,0.07599799,-0.11450047,-0.07415923,-0.05255615,-0.031220237,0.108174935,-0.044189252,0.14286955,-0.13586423,-0.080150224,0.007405709,-0.038526025,-0.06102806,-0.020909782,0.040160455,0.03457995,0.07462779,-0.005430346,-0.04569336,0.027356861,0.038075358,0.06283539,0.03885047,-0.031327803,0.09522719,-0.066049464,-0.039996747,0.025109118,0.06800132,-0.050605446,0.015053401,0.05461723
0.032565873,0.11608856,0.12126781,-2.6012096E-12,-0.056266744,3.5698668E-4,0.032967947,0.09417338,0.094522916,-9.942449E-4,0.057130788,0.03967443,0.10994594,-0.028714254,0.043630917,0.07598003,-0.11612366,-0.04479777,0.1526816,-0.3240792,0.043319173,-0.011702044,-0.008426217,0.019333933,2.0264549E-4,0.04358317,-0.01275093,0.09907928,0.036539856,0.014005514,0.026073372,-0.009826399,0.061494146,-0.039721623,-0.008785678,0.14779432,-0.05688854,-0.050805293,-0.23383828,0.07319605,0.01695464,0.030124983,0.08218691
-0.11608856,0.032565873,2.563195E-12,0.12126781,-0.010580655,0.02480589,0.13269092,-0.05715762,-0.15039155,-0.10895332,0.066373564,0.048334986,-0.090527534,-0.029065885,-0.03162452,-0.10083543,0.24787089,-0.03369143,0.08664179,0.047200404,-0.07077373,0.0076481765,-0.003780835,-0.18255977,0.0075729485,0.13264248,-0.00836169,-0.054900665,0.0062938007,-0.014972894,-0.020443667,0.019134272,0.021999251,0.049520645,0.02619629,0.013641419,-0.11188234,-0.048323035,0.12219863,0.0050590355,0.02084826,0.061708782,-0.0018986556
0.06622262,0.11663755,0.12126781,6.549456E-11,-0.030118782,-0.006379681,0.062486537,0.120892964,0.10301779,-0.07296996,0.06874185,0.07260943,0.110128924,0.014007065,0.102639385,0.06740361,-0.02495053,-0.066994,0.07726155,-0.17707106,0.120104395,0.012164982,-0.06887833,-0.06395529,0.065029874,0.056002736,-0.022739861,0.0373919,0.047910757,-0.023519568,-0.010726404,0.0135379005,0.021583496,-0.04420737,-0.0029896572,0.094804026,-0.043648344,0.02534842,-0.15419827,0.09188603,-0.02795479,0.025115823,0.041268192
-0.11663755,0.06622262,-6.5532746E-11,0.12126781,-0.011119824,0.045152474,0.10513913,-0.06027101,-0.15069404,-0.14285919,0.0817651,0.06656124,-0.13258472,0.010422773,0.02311843,-0.0552889,0.06860711,0.032242406,0.026694478,-0.0074241282,-0.08324085,0.0083866725,-0.019269088,-0.113301046,0.0012491955,0.01353746,0.043181926,-0.036494635,0.0071430993,-7.9849624E-4,-0.012056754,0.001324123,-0.124439575,0.03252025,-0.08619108,0.081574254,0.035580747,0.16129361,0.043420427,0.049042307,-0.010209918,0.010929346,0.030977154
0.09739031,0.11742471,0.12126781,1.2838912E-10,0.0010242962,-0.0116288485,0.09658301,0.12418841,0.08573364,-0.123915985,0.075519115,0.08344502,0.10201876,0.061951198,0.14268424,0.046207376,0.074350394,-0.056350477,-0.014337187,0.0541145,0.15453939,0.020457359,-0.07902909,-0.075774945,0.12518366,0.021950869,0.018622419,-0.013509031,0.052885775,0.002660397,-0.008876944,0.015469767,-0.031326924,-0.0018920703,0.0093643395,-0.073857166,-0.04265642,0.033701815,0.066120155,-0.025742838,-0.00818646,0.026100604,-0.046610218
-0.11742471,0.09739031,-1.2842756E-10,0.12126781,-0.0076300125,0.07838576,0.07093558,-0.05720117,-0.12838945,-0.15796773,0.10023264,0.09848713,-0.16857852,0.041751247,0.031486053,0.046696387,-0.12871656,0.07300747,-0.07802483,-0.03548097,-0.07113116,-0.004984901,-0.047444943,0.050150175,0.062459733,-0.056080367,0.05039108,-0.013863906,0.03589532,0.053363826,-0.012740712,-0.015776198,-0.13523357,0.054079484,-0.043472916,0.09567489,0.14028022,0.12278699,0.03719536,0.024990533,0.025265664,-0.067242645,0.036873665
-0.12777306,0.11146065,0.12126781,-3.258129E-10,0.047522634,0.016997207,-0.12475836,-0.12154313,-0.06865246,0.15330097,0.04769554,-0.097140044,0.055492204,-0.0626884,-0.13313057,-0.007196357,-0.15929523,0.0688467,0.09835395,-0.23401754,0.13487157,-0.041676804,-0.047793105,0.1129576,0.138288,-0.0023183457,-0.006750156,0.015713245,0.061051317,-0.03426218,-0.0068920273,0.03144264,0.02750963,0.06854807,0.027739938,-0.20953241,-0.015410545,0.049545757,0.21886884,-0.06726014,0.031484522,0.0205945,-0.08454044
-0.11146065,-0.12777306,3.2577643E-10,0.12126781,4.993889E-4,0.13791738,0.018157983,0.009790991,-0.05102653,-0.17016916,-0.12690304,0.06636122,0.20873387,0.09900565,0.046338607,0.18567233,-0.16612054,0.10293606,-0.2394003,0.14504282,-0.007894638,-0.04258208,0.07005046,0.23793879,-0.13748784,-8.143461E-4,-0.07762266,-0.01693201,-0.061615687,0.027019544,-0.039645184,0.034578167,0.1349228,-0.075888544,0.13671717,-0.03147303,0.0061746095,-0.12907499,-0.22590117,0.117233604,0.051418237,0.042503178,-0.045165587
-0.099081695,0.13562351,0.12126781,-2.8180708E-10,0.002867312,-0.0039069788,-0.08541919,-0.14046967,-0.10850647,0.14193062,0.069119595,-0.101278156,0.09006295,-0.07082445,-0.15239736,-0.087909125,0.009459758,0.0358929,0.05445469,-0.0814258,0.18651369,-0.02899943,-0.0911798,0.03142682,0.15837,-0.02573746,0.038854428,0.025676016,0.08046694,-0.03175316,0.017181505,-0.0018213403,4.3238618E-4,-0.021726465,-0.041860692,-0.111763276,0.017490875,-0.017551953,0.08804529,-0.06706829,-0.02710874,-0.02271212,-0.07910202
-0.13562351,-0.099081695,2.8176267E-10,0.12126781,0.0017388031,0.087078795,0.06557037,-0.046057913,-0.0837755,-0.11007408,-0.10289008,0.0977162,0.16307594,-0.04225382,-0.04971171,0.09920373,-0.068352826,-0.016253151,0.044132296,-0.15092927,0.059452824,-0.00898223,0.08923799,0.1188182,-0.013991742,-0.03784355,-0.07565898,0.116184264,-0.020222528,-0.027699156,0.05316557,-0.03206106,0.11852652,-0.03812759,-0.0017802403,-0.10543345,0.01809731,-0.09824512,-0.00794398,-0.057202365,-0.03261005,-0.03863474,-0.07758113
-0.064520925,0.13538235,0.12126781,-2.1140521E-10,-0.033938613,-0.0026590074,-0.054804537,-0.1279013,-0.12145151,0.08369989,0.07519677,-0.101614445,0.09601961,0.00183953,-0.10328973,-0.106066294,0.10654924,0.072126724,-0.07403783,0.18827003,0.1302052,-0.016002323,-0.07900709,0.019130113,0.09456058,-0.027117725,-0.0057682595,-0.04266177,0.066348255,0.020050425,-0.002813742,-0.020479048,-0.0077936267,-0.09185072,0.022548662,0.11620096,-0.007946326,-0.031536482,-0.18542753,0.08935344,0.026360406,0.015432808,0.05622989
-0.13538235,-0.064520925,2.1136087E-10,0.12126781,0.008189514,0.03858066,0.10839937,-0.057220597,-0.13380297,-0.119085595,-0.07967799,0.07599788,0.11450081,-0.07415878,-0.05255586,-0.03122008,0.10817473,-0.044189002,0.14286982,-0.1358643,0.08015,0.0074054617,0.038528964,-0.06102593,0.020909708,0.040159725,-0.034582358,0.07462724,0.0054312376,-0.045693237,0.027356269,-0.038076106,0.062834844,-0.038850505,-0.031328388,-0.09522717,-0.066048816,-0.039997127,-0.025109874,-0.06800137,-0.05060492,0.015053728,-0.05462022
-0.03256587,0.11608856,0.12126781,-1.3500819E-10,-0.056266725,-3.5698793E-4,-0.03296799,-0.094173364,-0.094522834,9.94303E-4,0.05713078,-0.03967418,0.10994574,0.028714651,-0.04363099,-0.075980075,0.11612368,0.044798013,-0.15268141,0.32408005,0.04332016,0.011701903,-0.008424655,-0.019334383,2.0244818E-4,-0.043583903,-0.012747943,-0.09907947,0.036539387,-0.014004885,-0.02607392,-0.009825682,-0.061494336,-0.039721623,0.008787665,0.14779381,0.05688861,0.050805606,-0.23383713,0.07319693,-0.016954772,-0.030124042,0.08217911
-0.11608856,-0.03256587,1.3497017E-10,0.12126781,0.010580658,0.0248059,0.13269076,-0.057157736,-0.15039156,-0.10895333,-0.06637348,0.048335,0.09052779,-0.02906565,-0.03162439,-0.10083536,0.24787104,-0.033691335,0.08664198,0.047200184,0.07077441,0.007647903,0.003790017,-0.18255949,-0.0075734532,0.1326427,0.00836067,-0.054900516,-0.006293902,-0.014972774,-0.020443505,-0.019134203,0.0219992,-0.04952094,0.026196707,-0.013641461,-0.11188116,-0.048323467,-0.12219939,-0.0050601605,0.020848684,0.06170919,0.001903104
-0.06622262,0.11663755,0.12126781,-2.0375471E-10,-0.030118749,0.006379694,-0.06248655,-0.12089304,-0.103017785,0.072970055,0.068741724,-0.07260943,0.11012896,-0.014006719,-0.10263937,-0.06740356,0.024950515,0.06699425,-0.07726151,0.17707095,0.12010474,-0.012165454,-0.06888123,0.06395222,0.065030105,-0.056003362,-0.02273836,-0.037392333,0.047910724,0.023519736,0.010726561,0.013537968,-0.02158319,-0.044207398,0.0029907003,0.094804116,0.043648206,-0.02534836,-0.15419799,0.091886394,0.027953995,-0.025115294,0.04126744
-0.11663755,-0.06622262,2.0371653E-10,0.12126781,0.011119814,0.04515244,0.10513906,-0.06027096,-0.15069373,-0.14285931,-0.08176491,0.0665613,0.13258481,0.010423141,0.02311856,-0.055288915,0.06860699,0.032242525,0.026694454,-0.00742428,0.08324112,0.008386354,0.019274741,-0.113300376,-0.0012492274,0.013536861,-0.043181274,-0.036495358,-0.0071433135,-7.982701E-4,-0.0120570185,-0.0013228705,-0.12443975,-0.032520164,-0.08619175,-0.08157352,0.03558147,0.16129373,-0.0434203,-0.049041793,-0.010209722,0.010929263,-0.030975189
-0.09739031,0.11742471,0.12126781,-2.6758237E-10,0.0010242973,0.011628848,-0.09658297,-0.1241884,-0.08573364,0.123916015,0.07551895,-0.083444946,0.10201904,-0.061951045,-0.14268392,-0.046207223,-0.07435042,0.05635087,0.014337612,-0.05411454,0.1545392,-0.020457784,-0.079032905,0.07577096,0.12518369,-0.021950396,0.01862265,0.01350947,0.05288573,-0.002660388,0.0088771945,0.015469533,0.031327195,-0.0018918046,-0.009365156,-0.07385664,0.042656798,-0.033701923,0.06612009,-0.025742995,0.008186658,-0.02610063,-0.046607386
-0.11742471,-0.09739031,2.675439E-10,0.12126781,0.0076300283,0.078385875,0.07093553,-0.057201214,-0.12838914,-0.15796767,-0.10023228,0.09848699,0.16857837,0.04175166,0.03148628,0.04669684,-0.12871675,0.07300773,-0.07802464,-0.035481088,0.07113089,-0.004985151,0.047442228,0.05015277,-0.062459365,-0.056081206,-0.050390005,-0.013865264,-0.035895858,0.053363446,-0.012739417,0.01577761,-0.13523324,-0.054079536,-0.043473285,-0.09567456,0.14028062,0.1227869,-0.0371947,-0.024989303,0.025265453,-0.06724319,-0.03687304
-0.10174118,0.07914708,0.12126781,-2.5374047E-10,0.013169882,0.0012104826,-0.09019907,-0.08010386,-0.0589301,0.03598686,0.028625086,-0.056566596,0.06761365,0.036167514,0.098149166,0.101200216,-0.18818693,-0.16281241,-0.014527274,-0.023964304,-0.09527606,0.07810148,0.132213,-0.13425177,-0.0013206104,0.048537977,0.003472755,0.03412341,-0.050462987,0.06121308,-0.04776171,0.07425013,-0.09980805,0.02076266,0.047308918,-0.025737645,0.01610597,0.14406462,0.010483717,0.015237319,0.0424658,0.06435027,0.03238168
-0.07914708,-0.10174118,2.5371455E-10,0.12126781,0.00911721,0.11459912,-0.0033685828,0.11254268,0.088332534,0.04040536,-0.08974761,-0.06690651,0.1404868,0.038037423,0.0016656182,-0.03998664,-0.032324433,-0.024273627,0.0766592,0.08952526,0.067972526,-0.01280041,-0.014987599,0.050028615,-0.019489529,-0.059002113,-0.008494146,-0.010160087,-0.028365867,-0.051269744,0.011641077,0.011334698,-0.0095454855,0.01815842,-0.057451483,-0.020363107,-0.017412389,0.0209539,0.021576744,-0.023372957,-0.009582103,0.016608465,-0.00326943
-0.07507637,0.09364298,0.12126781,-2.081249E-10,-0.005213469,-0.0059429007,-0.064739764,-0.07037357,-0.054146398,0.043998692,0.039118737,-0.056277182,0.08384617,0.018850407,0.088843964,0.07338623,-0.08406378,-0.13624226,-0.048832532,0.049944643,-0.11168288,0.061934534,0.16551746,-0.121977516,0.011697291,0.037592426,0.026068613,0.08102054,-0.05174908,0.034224566,-0.009901577,0.055669207,0.034289025,-0.02880315,-0.0029238178,0.0053712325,-0.040571794,-0.0040713693,0.034181602,0.033018965,-0.046704542,0.040597696,0.029934874
-0.09364298,-0.07507637,2.0809425E-10,0.12126781,0.008096386,0.07729613,0.021502275,0.11088375,0.042305227,0.048613507,-0.061536156,-0.0938037,0.11250979,0.063000165,0.061614733,-0.08538782,-0.12055238,-0.08289659,0.12726353,0.044643506,0.0625805,0.03585179,-0.012117658,-0.050032783,-0.008377769,-0.0852374,-0.00595317,-0.08301548,-0.02801724,0.011338521,-0.09198479,0.01976494,-0.13585356,-0.008903036,-0.09227462,-0.026704947,0.14698657,0.09526406,0.024606733,-0.029348878,0.16878791,-0.05951594,-0.003644162
-0.04670076,0.07865077,0.12126781,-1.4155409E-10,-0.0053211334,-0.0067532547,-0.045738976,-0.05397497,-0.033120856,0.033083197,0.026753223,-0.018320378,0.07487984,-0.028828654,0.05823104,0.059338864,-0.005478345,-0.13140507,-0.035531767,0.13282128,-0.09248144,0.07121251,0.13977161,-0.08966385,0.004071322,-0.013508843,-0.010594837,0.1222551,-0.05186768,0.0020109222,0.06054866,0.047236457,0.14850636,0.011084071,-0.051409334,0.015981555,-0.11880379,-0.12168961,-0.010891279,0.01822553,-0.08443251,-0.07125074,-0.018648472
-0.07865077,-0.04670076,1.4152834E-10,0.12126781,0.0010247214,0.083167136,0.023063716,0.11486444,0.07691587,0.070364505,-0.04813919,-0.072378986,0.08554399,0.004149242,0.00976025,-0.04924275,-0.0068906755,-0.003709349,0.07574066,0.042670667,0.02690422,-0.031566642,0.016619919,-0.035072125,-0.0048221867,5.7807844E-4,0.02707533,0.038613547,-0.019753497,-0.003136888,-0.01530967,0.0011185857,0.09596337,-0.015998492,-0.0013196858,-0.009230501,0.04941671,-0.14712578,0.007320605,-0.032959398,0.020883482,0.096523665,-0.016365416
-0.074907646,0.069915846,0.12126781,-1.9371904E-10,-0.0013604712,0.001209894,-0.067512095,-0.07158307,-0.04933333,0.032977194,0.022629935,-0.044955775,0.0835022,0.013702753,0.08169767,0.0706011,-0.09916992,-0.151673,-0.027184421,0.06468406,-0.098313965,0.08057127,0.15012743,-0.094330706,0.031895176,0.007316197,-0.010334779,0.07482192,-0.06220754,0.02048789,0.01724637,0.055134792,-0.011537858,0.05017347,-0.019488556,0.011328363,-0.061687984,0.030563448,0.014106398,0.028456861,-0.033585332,-0.0013253646,0.022719271
-0.069915846,-0.074907646,1.9369614E-10,0.12126781,0.001850709,0.07720463,0.017647192,0.10935941,0.095214054,0.04725574,-0.06595345,-0.08156397,0.108646244,-0.010943862,0.010922064,-0.07025705,0.029659612,-0.0076289047,0.07543986,0.09123023,0.055010058,-0.03225881,0.009295355,-0.017150925,0.007055675,-0.07871512,-0.023890628,0.07201135,-0.003329177,-0.032885566,0.02177133,-0.0094213905,0.10023495,-0.01366141,-0.075327925,-0.008004527,0.016433358,-0.2243974,0.03180258,-0.022283591,0.03538535,0.049810313,0.0026417265
-0.07459293,0.08263226,0.12126781,-2.0061618E-10,-0.0050887247,-6.5982185E-4,-0.062920235,-0.06239805,-0.036866695,0.037335806,0.011809355,-0.04157951,0.0842999,7.3928933E-4,0.07976926,0.079087734,-0.079499,-0.16370504,-0.017397037,0.07073967,-0.19952327,0.07627828,0.3555214,-0.12651235,0.084727764,0.039855234,0.0030892645,0.077320814,-0.095557585,0.020785961,0.015630294,0.11149184,0.061126884,0.014860235,0.01354888,-0.017971609,-0.0643695,-0.024933193,0.09766533,-0.042463608,-0.06343418,0.06885174,0.0051947245
-0.08263226,-0.07459293,2.0058911E-10,0.12126781,0.009622298,0.08788622,0.013421126,0.109137036,0.07007592,0.065894604,-0.066200785,-0.09338909,0.1153555,0.04000532,0.033172905,-0.06722298,-0.03795446,-0.032604102,0.09412285,0.051876716,0.0658225,-0.0016350843,-0.017756319,-0.0278894,-0.016532028,-0.077580586,0.0054499186,-0.011126596,-0.0303373,0.00891978,-0.056238886,0.019180523,-0.011758036,-0.022986004,-0.07815623,-0.009401145,0.092915915,-0.07525259,0.03884849,-0.011311681,0.087833375,-0.014462752,0.012298386
0.10174118,0.07914708,0.12126781,1.5992087E-10,0.013169879,-0.001210489,0.09019909,0.0801038,0.058930065,-0.03598684,0.028625011,0.056566674,0.0676137,-0.036167286,-0.09814909,-0.10120015,0.18818694,0.16281213,0.014527027,0.023964325,-0.095276564,-0.07810106,0.13220677,0.13425754,-0.0013203141,-0.04853803,0.0034746255,-0.034122933,-0.050462723,-0.061213125,0.04776283,0.074248925,0.0998091,0.020762412,-0.04730903,-0.025736848,-0.016105939,-0.14406475,0.010483179,0.015235446,-0.04246626,-0.0643504,0.03237939
-0.07914708,0.10174118,-1.5994679E-10,0.12126781,-0.00911721,0.1145991,-0.003368586,0.112542555,0.08833256,0.040405594,0.08974754,-0.06690648,-0.14048696,0.038037043,0.0016654233,-0.039986804,-0.03232431,-0.02427381,0.07665899,0.08952538,-0.06797275,-0.012800317,0.014985425,0.050028853,0.019489707,-0.059001986,0.008494917,-0.010159816,0.028366327,-0.051269665,0.011640601,-0.011333904,-0.009545548,-0.01815827,-0.057451185,0.020363456,-0.017412262,0.020953951,-0.021577006,0.023373563,-0.0095824795,0.016608626,0.0032688933
0.07507637,0.09364298,0.12126781,9.712211E-11,-0.0052134646,0.005942898,0.06473982,0.070373625,0.05414645,-0.043998603,0.03911869,0.056277305,0.08384621,-0.018850075,-0.08884405,-0.07338633,0.08406362,0.13624208,0.048832297,-0.049944703,-0.11168344,-0.061934143,0.16551201,0.121984966,0.011697675,-0.037592318,0.026071122,-0.08101946,-0.05174912,-0.03422454,0.009902549,0.055669244,-0.034288317,-0.028803393,0.0029238884,0.0053714453,0.040571608,0.0040714736,0.03418205,0.033018984,0.046703864,-0.04059807,0.029933777
-0.09364298,0.07507637,-9.715277E-11,0.12126781,-0.008096391,0.07729616,0.021502268,0.11088371,0.042305186,0.048613563,0.06153596,-0.09380365,-0.1125101,0.06299986,0.06161452,-0.08538804,-0.120552376,-0.08289684,0.12726344,0.04464354,-0.06258039,0.035852145,0.01212035,-0.050032377,0.008377639,-0.08523722,0.005956252,-0.08301556,0.028016685,0.01133861,-0.09198497,-0.019761825,-0.13585413,0.008901606,-0.09227451,0.02670594,0.1469865,0.09526414,-0.024605835,0.02935075,0.1687882,-0.059515744,0.0036424056
0.04670076,0.07865077,0.12126781,4.832281E-11,-0.0053211334,0.0067532463,0.045738988,0.053974945,0.03312079,-0.033083167,0.026753187,0.018320337,0.07487979,0.028828848,-0.05823109,-0.05933892,0.0054783532,0.1314049,0.03553156,-0.13282144,-0.09248222,-0.07121226,0.1397673,0.0896706,0.004071816,0.013508614,-0.010592397,-0.122254886,-0.051868267,-0.0020110018,-0.06054822,0.047238942,-0.14850554,0.011083616,0.051409394,0.015981434,0.11880375,0.12168983,-0.010890083,0.01822753,0.08443224,0.07125087,-0.018643975
-0.07865077,0.04670076,-4.834856E-11,0.12126781,-0.0010247118,0.08316711,0.0230637,0.11486446,0.076915994,0.070364565,0.048138957,-0.07237882,-0.0855442,0.004149037,0.00976011,-0.049242996,-0.006890556,-0.003709503,0.07574067,0.042670775,-0.026904501,-0.03156664,-0.01661821,-0.03507304,0.004822021,5.776933E-4,-0.027076157,0.03861322,0.019753572,-0.003136658,-0.015310629,-0.0011192289,0.09596314,0.015997916,-0.0013201932,0.009231221,0.04941709,-0.14712591,-0.007320405,0.032958683,0.020883085,0.096524104,0.016368534
0.074907646,0.069915846,0.12126781,1.1084199E-10,-0.00136047,-0.0012098916,0.06751213,0.071583085,0.04933339,-0.03297714,0.02262996,0.04495583,0.08350231,-0.013702486,-0.081697576,-0.07060096,0.09916971,0.15167275,0.027184037,-0.064684056,-0.098314606,-0.080570735,0.15012315,0.09433756,0.031895462,-0.007316706,-0.010332767,-0.07482159,-0.062207934,-0.02048798,-0.017245822,0.055134907,0.011538581,0.050173104,0.019488662,0.011328617,0.061687842,-0.030563615,0.014106933,0.02845677,0.033584893,0.0013252103,0.022720866
-0.069915846,0.074907646,-1.1086488E-10,0.12126781,-0.0018506874,0.077204645,0.017647216,0.109359525,0.09521402,0.047255937,0.06595343,-0.08156399,-0.108646244,-0.010944128,0.010921964,-0.07025706,0.02965955,-0.007628934,0.07543989,0.09123046,-0.055010244,-0.032258525,-0.009294573,-0.017151311,-0.007055906,-0.07871462,0.02389044,0.072011694,0.003329648,-0.032885864,0.02177223,0.00942033,0.10023526,0.013660871,-0.075327486,0.008005808,0.01643337,-0.22439755,-0.031802326,0.022282505,0.03538513,0.049810264,-0.00264155
0.07459293,0.08263226,0.12126781,1.0266529E-10,-0.0050887275,6.5982185E-4,0.06292025,0.06239809,0.036866773,-0.037335813,0.011809377,0.04157959,0.08429982,-7.390627E-4,-0.07976924,-0.07908765,0.07949896,0.16370487,0.017396472,-0.07073976,-0.19952416,-0.07627755,0.35551536,0.12652928,0.08472805,-0.039855603,0.0030915127,-0.077319905,-0.09555764,-0.020785902,-0.015628884,0.111492805,-0.06112562,0.014859504,-0.013549007,-0.017971087,0.064369746,0.024933185,0.09766563,-0.04246293,0.06343421,-0.068851314,0.0051921117
-0.08263226,0.07459293,-1.0269235E-10,0.12126781,-0.009622277,0.08788626,0.013421104,0.109137096,0.070075825,0.065894656,0.06620083,-0.093389116,-0.11535561,0.040005106,0.033172708,-0.067223266,-0.037954506,-0.0326042,0.094122745,0.05187672,-0.06582282,-0.0016348991,0.01775748,-0.027888846,0.016531903,-0.07758089,-0.005448283,-0.011126743,0.03033726,0.008919795,-0.056239545,-0.01917952,-0.011757673,0.022985175,-0.078156084,0.009402254,0.092915684,-0.07525247,-0.038847715,0.011312882,0.087833494,-0.014463121,-0.012298409
-0.018070582,0.08164104,0.12126781,-8.512381E-11,-0.05789812,0.0027118025,-0.0105550885,-0.028829262,-0.0020763548,0.018542675,0.03578956,0.016024558,0.04565211,-0.017754838,-0.0047755535,0.021216435,0.025279973,-0.052516982,0.009668281,0.043397162,1.3233679E-4,0.004975389,-0.028447315,0.02275248,-0.18762417,0.01694953,0.025924802,-0.028292071,-0.001699693,-0.011674199,-0.013974304,0.022698607,-0.009013807,-0.021607874,0.02311055,0.062075954,-0.03337933,-0.010331315,0.012767132,0.0480882,0.018969765,-0.09531208,-0.010196102
-0.08164104,-0.018070582,8.509709E-11,0.12126781,-0.006371526,0.029571872,0.022713857,0.05719747,-0.008731359,0.13418984,-0.01396259,-0.15557882,0.0063059856,0.12632564,0.17119141,-0.07965797,0.17633338,0.02435463,-0.08998142,-0.18844117,3.1123014E-5,-0.06347358,0.025586674,-0.02603671,0.020041054,0.056657344,-0.012084304,0.016912743,0.002614698,0.25432724,-0.04535641,-0.027847128,-0.020794814,-0.016524931,0.39674288,-4.1556214E-5,-0.036567595,-0.004099377,0.009719276,-0.03857439,0.030899396,-0.15736294,-0.025621438
-0.02376505,0.036146663,0.12126781,-6.973603E-11,-0.0880934,0.003406494,-0.019605774,-0.010945019,0.0036834297,-0.013744928,0.02839959,-0.010316102,0.045561347,5.7916576E-4,0.035803434,0.0185102,0.03354156,-0.04386257,0.02192369,0.028672295,0.020568447,-0.011159467,-0.077355616,0.03838273,-0.27836734,-0.0015770171,0.03657372,0.009526175,-7.193594E-4,-0.15998062,-0.037909076,0.02917816,0.031147646,-0.04404886,0.15678205,0.015614435,-0.011181003,-0.016311657,0.099363916,-0.0055828034,-0.008622933,-0.13661174,-0.027992558
-0.036146663,-0.02376505,6.972419E-11,0.12126781,-0.016060453,-0.09526605,0.102235466,-0.0012890536,0.033847466,0.1703818,-0.034722224,0.011209691,0.0092389155,-0.11408936,0.12782887,0.016020652,0.067112535,0.048222546,-0.17214093,-0.057180207,-0.019950764,-0.109268114,0.0629763,0.072106,0.10537477,0.02953805,-0.06815565,-0.032091323,0.040486608,0.34957868,0.04125859,-0.09008166,0.12677267,0.053392556,-0.3363752,0.030108415,-0.0044127926,0.12237657,0.009391015,-0.050440505,-0.08755969,0.06138338,-0.02326376
-0.049289625,0.00566423,0.12126781,-1.03558516E-10,-0.06188451,-0.018876456,-0.059221666,-0.08470882,0.033253632,0.0054719914,-0.010598792,-0.03387199,0.028022736,0.04151163,0.14221786,0.07405141,0.2351202,-0.15675098,-0.085857615,-0.039005116,-0.015354777,-0.11644729,-0.047561,0.1905266,-0.1500515,-0.14315379,-0.01969525,0.14452061,0.03885465,-0.113187805,0.051149182,-0.02516505,-0.003596445,0.15282848,-0.10776563,0.010924474,-0.009156458,0.06305411,0.0342378,-0.09568278,0.05673106,-0.06771571,0.052809738
-0.00566423,-0.049289625,1.0355666E-10,0.12126781,7.952409E-4,-0.06203223,0.074786164,-0.030396366,0.15052915,0.09525588,-0.017654657,0.15444537,0.029700676,-0.36215687,-0.10780856,0.07329861,-0.08375126,-0.021443002,0.06951557,0.18201071,0.040112928,0.010800931,-0.053191375,0.0038128032,-0.033234555,0.21894236,0.066662714,0.040624283,-0.107241005,0.12899545,-0.03637266,0.027194299,-0.0038699075,-0.37765962,0.13982373,0.12063857,0.13430002,0.027714504,0.33907452,0.25024256,0.043121193,-0.08859626,0.026601057
-0.03800521,-0.014771324,0.12126781,-6.850633E-11,-0.082978465,-0.005037885,-0.057478495,-0.06294647,0.08633353,-0.03199449,-0.017193466,0.041634846,0.022440003,-0.1388524,0.040268455,0.06813731,0.18023738,-0.18242264,0.057392467,0.03578266,-0.009590038,-0.07435831,-0.03413603,0.13601238,-0.15786329,-0.0066326065,-0.062016163,0.08244711,0.025846487,-0.07692649,-0.009847854,-0.07258583,-0.046877638,0.025376357,0.008504812,0.037221853,0.06085024,0.11859352,0.14670241,-0.09330672,0.1704522,-0.07408441,0.037935134
0.014771324,-0.03800521,6.8511176E-11,0.12126781,0.0024786517,-0.07584527,0.06174277,-0.04318416,0.06438662,0.059710257,-0.029513363,-0.023706788,0.035356656,-0.105911225,0.06274641,0.0046451697,0.003570802,0.058971226,-0.055469785,0.0169717,0.021283936,-0.07312016,-0.0069312197,-0.041124195,0.026818402,0.009999413,0.016496526,0.16437766,-0.035297796,-0.21710332,-0.023122214,-0.022162829,-0.085305266,-0.039625645,0.1346702,0.030196158,0.13766855,0.10705575,0.10839457,-0.020343231,0.007089771,0.15596896,-0.0019725931
1.7869804E-10,-0.022084154,0.12126781,1.3089088E-11,-0.12973022,1.3804586E-8,-9.0184065E-9,3.6765035E-9,-1.4375289E-8,-3.9779408E-8,-0.031029472,-8.205065E-9,-0.016002776,-3.35327E-8,-1.00492156E-10,-9.658267E-9,5.8765426E-8,-5.2084506E-8,-4.621766E-8,6.4557604E-8,-0.036991537,1.6386822E-7,-0.042166244,-7.983186E-7,-0.08637061,-3.599287E-7,-0.034803554,-4.5358237E-7,0.023428384,2.266929E-8,-7.6092266E-7,-0.089674845,-6.942265E-7,0.04183698,-3.9910415E-8,0.04751079,-1.2677891E-7,-8.4727825E-9,0.03522619,-0.070953146,3.9659517E-7,-2.263285E-7,-0.06771182
0.022084154,1.7880132E-10,-1.3081858E-11,0.12126781,-5.757587E-9,-0.13930956,0.13222313,-0.037336066,-0.009611361,0.13600333,-1.1369621E-7,0.06505552,-4.8193844E-8,-0.07560894,0.055481955,0.017170357,-0.035731096,0.041546583,-0.041040897,0.008221759,1.3828286E-7,0.05134214,4.820861E-7,-0.017826458,7.610737E-8,-0.085814394,1.0141755E-6,-0.027909389,3.206596E-7,-0.11242059,0.058127902,-1.6645407E-7,0.021021098,1.3212453E-7,-0.031021774,4.4739963E-7,-0.024933929,-0.19314507,-4.4506717E-7,-9.344485E-7,-0.040926386,0.039734356,4.861727E-6
0.03800521,-0.014771324,0.12126781,8.6016014E-11,-0.08297845,0.0050379205,0.057478514,0.062946536,-0.08633361,0.031994436,-0.017193498,-0.04163483,0.02243967,0.13885233,-0.040268436,-0.06813731,-0.18023746,0.1824226,-0.05739239,-0.035782672,-0.009589904,0.07435838,-0.034129668,-0.13601357,-0.15786369,0.006631622,-0.062014144,-0.08244886,0.025846066,0.07692661,0.0098463455,-0.07258717,0.046876676,0.025376821,-0.008505621,0.037222456,-0.060851395,-0.11859363,0.14670193,-0.09330873,-0.17045166,0.074082464,0.037935268
0.014771324,0.03800521,-8.601117E-11,0.12126781,-0.0024786543,-0.075845234,0.06174277,-0.043184187,0.06438661,0.059710197,0.029513309,-0.02370678,-0.035356514,-0.10591134,0.062746376,0.0046451436,0.0035708693,0.05897114,-0.055469826,0.016971687,-0.021284224,-0.073120035,0.0069330316,-0.04112375,-0.026818853,0.009999424,-0.016500717,0.16437699,0.035298906,-0.21710323,-0.023122285,0.022164512,-0.08530531,0.03962504,0.13466978,-0.030196866,0.13766986,0.10705537,-0.10839376,0.020343406,0.0070898836,0.1559692,0.001983647
0.049289625,0.00566423,0.12126781,9.6844234E-11,-0.061884515,0.018876497,0.059221607,0.08470863,-0.033253666,-0.00547204,-0.010598836,0.03387208,0.0280229,-0.04151142,-0.14221753,-0.07405135,-0.23512006,0.156751,0.08585771,0.039005082,-0.015355046,0.11644741,-0.047552228,-0.19052885,-0.15005167,0.14315394,-0.01969468,-0.14452173,0.0388534,0.11318748,-0.05115033,-0.025165444,0.003595909,0.15282832,0.107764825,0.010924016,0.0091564115,-0.06305428,0.034237817,-0.095683634,-0.05672956,0.06771335,0.05280918
-0.00566423,0.049289625,-9.684609E-11,0.12126781,-7.952533E-4,-0.06203225,0.074786164,-0.030396374,0.15052931,0.09525566,0.017654419,0.15444534,-0.029699776,-0.36215606,-0.10780856,0.07329873,-0.08375108,-0.02144295,0.06951551,0.1820106,-0.04011308,0.010801448,0.05319128,0.0038152486,0.033234335,0.21894155,-0.066668145,0.04062238,0.107240774,0.12899528,-0.036375336,-0.027194142,-0.003870659,0.3776598,0.13982356,-0.120638594,0.134304,0.027714768,-0.3390734,-0.2502417,0.04312476,-0.08859602,-0.026608061
0.02376505,0.036146663,0.12126781,2.6888393E-11,-0.08809339,-0.0034064972,0.01960573,0.010945056,-0.0036833948,0.013744935,0.02839955,0.010316193,0.04556156,-5.79009E-4,-0.03580344,-0.01851048,-0.033541523,0.043862496,-0.02192378,-0.028672252,0.020568624,0.011159468,-0.07735366,-0.038385734,-0.2783673,0.0015776543,0.036574207,-0.009525527,-7.197165E-4,0.1599813,0.03790984,0.029177701,-0.031147756,-0.04404806,-0.15678173,0.015615367,0.011180516,0.016312072,0.09936358,-0.005582241,0.008622991,0.13661191,-0.027984899
-0.036146663,0.02376505,-2.6900229E-11,0.12126781,0.016060455,-0.095266014,0.10223542,-0.0012890678,0.033847407,0.17038167,0.034721985,0.011209568,-0.009238755,-0.114089616,0.12782912,0.016020713,0.067112476,0.048222706,-0.17214057,-0.05718012,0.01995067,-0.10926807,-0.06297976,0.072103366,-0.10537445,0.02953925,0.06815629,-0.0320901,-0.04048766,0.3495786,0.041261215,0.09007893,0.126773,-0.05339189,-0.3363758,-0.030106347,-0.0044129044,0.12237663,-0.009392511,0.05044028,-0.087559536,0.061382405,0.023262167
0.018070582,0.08164104,0.12126781,-1.16520795E-11,-0.05789813,-0.0027117822,0.010555078,0.02882929,0.002076348,-0.01854266,0.035789583,-0.016024565,0.04565198,0.017754933,0.004775592,-0.021216512,-0.025279997,0.052516993,-0.009668307,-0.04339715,1.3225265E-4,-0.00497525,-0.028446343,-0.022753235,-0.18762413,-0.016949272,0.025924629,0.028292468,-0.0016997628,0.011674515,0.01397516,0.0226984,0.009013773,-0.021607628,-0.02310998,0.062075328,0.03337883,0.010331633,0.012767214,0.048088312,-0.018970102,0.09531245,-0.010190312
-0.08164104,0.018070582,1.16253465E-11,0.12126781,0.0063715316,0.029571861,0.022713866,0.057197463,-0.008731349,0.13419001,0.013962403,-0.15557885,-0.0063064024,0.1263256,0.17119141,-0.079657964,0.17633373,0.024354722,-0.08998149,-0.18844134,-3.1027274E-5,-0.06347361,-0.025585538,-0.026037853,-0.02004104,0.0566577,0.012082994,0.016912872,-0.0026151112,0.25432757,-0.045355752,0.02784768,-0.020794267,0.016525587,0.39674294,3.8386363E-5,-0.036567822,-0.0040997085,-0.009717851,0.0385746,0.030898925,-0.1573633,0.025619289
-0.025517687,-0.00683657,0.12126781,-4.7823186E-11,-0.12555155,0.016032092,-0.05162955,-0.03099653,0.05406062,-0.021019727,-0.008676553,-0.018454485,0.028830787,-0.036161676,0.018711774,0.04266397,0.12828986,-0.097844265,-0.004454234,0.024732709,-0.018250631,-0.06558038,-0.029443193,0.06986983,-0.14160645,0.017347109,-0.051747166,0.091000095,0.03790407,-0.01679779,0.0019006332,-0.07415315,0.040723037,0.05386278,0.002297756,0.059753776,0.094986565,0.017535143,0.07104727,-0.060919344,0.030784156,-0.006742065,9.167711E-4
0.00683657,-0.025517687,4.7825428E-11,0.12126781,0.0039259493,-0.14047405,0.12343428,-0.031179214,-0.0067135454,0.15477708,-0.02379137,0.046415932,0.022688849,-0.087809235,0.13133566,-0.013015917,-0.0588842,0.07308318,-0.10144655,-0.007904155,0.0058229663,7.3002535E-4,0.003962045,-0.028826436,0.038715642,-0.08490214,-0.011154673,0.023215353,-0.017197588,-0.18627374,-0.015343253,-0.018096825,-0.093861386,-0.0063942363,0.06452951,0.022008635,-0.01875387,-0.017814413,0.026248198,-0.0121365255,-0.067212135,0.0665654,-0.007886257
0.025517687,-0.00683657,0.12126781,5.592714E-11,-0.12555178,-0.016032081,0.051629506,0.030996574,-0.05406059,0.021019666,-0.008676511,0.018454526,0.02883081,0.03616187,-0.018711865,-0.04266421,-0.12828965,0.09784431,0.004454179,-0.024732629,-0.018250052,0.065580755,-0.02943883,-0.069871075,-0.14160603,-0.017348327,-0.051744204,-0.09100137,0.03790384,0.016798222,-0.0019028836,-0.074151464,-0.04072387,0.053862568,-0.002297895,0.059752263,-0.09498663,-0.017535415,0.07104637,-0.060919333,-0.030783666,0.006741693,9.149999E-4
0.00683657,0.025517687,-5.59249E-11,0.12126781,-0.003925959,-0.14047405,0.12343423,-0.031179221,-0.0067135873,0.15477704,0.023791103,0.04641597,-0.022688806,-0.08780931,0.13133575,-0.013016021,-0.058884244,0.07308316,-0.10144644,-0.007904113,-0.005822949,7.300263E-4,-0.0039608786,-0.02882672,-0.038715888,-0.08490242,0.011155983,0.0232157,0.017198157,-0.1862738,-0.015342874,0.018098198,-0.09386084,0.006394681,0.064529516,-0.02200912,-0.01875325,-0.017814681,-0.026248582,0.0121357,-0.067211494,0.06656424,0.007893092
-0.06280598,-0.07166553,0.12126781,-8.5203365E-11,-0.013567122,-0.009773057,-0.13475291,-0.07261828,0.094953366,-0.18911405,-0.09183593,-0.13423552,-0.05456821,-0.18607646,0.19097202,-0.098128624,-0.0059929024,0.04751704,-0.027064243,-0.0733587,-0.02620584,0.100798786,-0.033672363,0.055393912,0.10894137,-0.02755685,-0.009912447,-0.14632003,-0.019781077,-0.009380721,0.075900875,0.001666568,-0.045397613,-0.030500218,-0.0045227897,-0.072687775,-0.011309942,-0.057788618,-0.03697898,-0.018036207,0.04539398,0.11969787,0.26234058
0.07166553,-0.06280598,8.522683E-11,0.12126781,-0.0044121044,0.002421076,-0.10073921,-0.07039254,0.122776054,-0.14133959,-0.049012616,-0.11580942,0.03962061,-0.037080303,-0.06348006,0.022808352,-0.01338295,0.14351285,-0.05236461,-0.005569867,0.016460814,-0.06651444,0.011439178,-0.035900645,0.14568071,0.042681202,0.011312136,0.23706983,-0.074940875,0.07800795,-0.19488183,-5.243839E-4,-0.23554505,-0.045563467,-0.08706687,0.16841896,-0.22115374,-0.08850223,0.06618171,-0.09049661,-0.023993082,-0.0031907116,-0.00977359
-0.038665988,-0.054459624,0.12126781,-4.6326724E-11,-0.0841327,-0.015481353,-0.05093447,-0.048311338,0.060660727,-0.08794007,-0.071083665,-0.056637663,-0.05735949,-0.075835936,0.10681491,-0.05229653,-0.008167253,0.0029860293,0.017457297,-0.013700648,-0.042659365,0.074533515,-0.043669518,0.00965291,0.035516657,-0.012259343,-0.039103583,-0.12365472,-0.014305359,-0.009949014,0.07247205,-0.07197141,0.0602112,-0.04338506,0.05037603,-0.0669464,0.028654335,0.060820922,-0.004682535,-0.021857962,-0.0321403,-0.047344293,0.023031998
0.054459624,-0.038665988,4.6344553E-11,0.12126781,-0.0018056427,-0.11119927,0.027427927,-0.16874954,0.114424475,-0.058012042,-0.029067751,-0.067512594,0.031437483,0.14347903,-0.04861501,0.068825684,0.021567008,-0.028612101,0.0934018,0.031125993,0.010482316,-0.009270742,-0.010443312,0.0802745,0.079375945,0.024172558,0.042313747,-0.010626657,-0.057084512,0.051707976,0.026770245,0.016474672,-0.036858536,-0.04720272,-0.004953367,0.108539686,-0.00479382,-0.030040894,0.056611903,-0.01370405,0.025572095,0.07538521,0.004934613
-0.014443932,-0.048441608,0.12126781,-6.522905E-13,-0.11252211,5.050798E-4,-0.015656428,4.7648337E-4,0.012674747,-0.014264797,-0.04843353,-4.0307193E-4,-0.05347179,-0.046270844,0.03242672,-0.017339732,-0.0024069124,-0.0033946452,0.0039545274,-0.013657024,-0.059217587,0.03236889,-0.09042991,-0.0134731075,-0.017485252,-0.012923371,-0.008071456,-0.045839053,-0.03812672,-0.01245223,-0.0025915455,-0.07014807,0.041407604,-0.017783232,0.01922835,0.01063729,0.022595188,0.0543742,0.007410987,-0.0019539616,-0.05877099,-0.07750103,-0.11189853
0.048441608,-0.014443932,6.681497E-13,0.12126781,-0.0023363726,-0.15349439,0.08414805,-0.19151598,0.08149987,0.0051404713,-0.008459066,-0.022857327,0.0056727855,0.16809703,-0.055132385,0.091025114,-0.010680511,-0.091316395,0.15832879,0.030379582,-0.0018597648,0.0416522,0.006533661,0.08701761,0.040718045,0.004145913,-0.0054218005,-0.17057778,-0.009062714,0.044888932,0.09506099,-0.010600988,-0.012373405,2.8305204E-4,-0.0012256617,0.018822802,-0.0069351336,-0.04376037,0.003701885,-0.010898882,0.022397887,0.0479523,-0.022381393
1.5677663E-10,-0.05094982,0.12126781,3.019752E-11,-0.12222965,6.4760264E-9,-1.80678E-8,4.3282373E-8,3.7194E-10,-8.772823E-8,-0.05711071,1.1467094E-8,-0.05064459,3.2297518E-9,-6.901663E-8,-2.1873082E-7,-4.5058936E-8,-2.0291905E-7,-1.1347777E-7,1.0291852E-7,-0.05901525,2.2086681E-8,-0.06176332,-1.4201743E-6,0.034309223,-2.547579E-7,-0.03238715,-8.5554376E-8,-0.01922331,-1.1194782E-7,-1.1376782E-6,-0.09257143,-4.612453E-7,0.021231692,1.4425082E-7,0.049455527,-2.3155391E-7,-1.4230794E-7,-0.0010100347,-0.023896338,1.9809788E-7,5.9793683E-7,-0.13201901
0.05094982,1.5701491E-10,-3.018084E-11,0.12126781,-8.139911E-9,-0.15885708,0.07972238,-0.19359012,0.054374088,0.010329405,9.055815E-9,-0.055742454,-2.1603043E-7,0.23594384,-0.011397602,0.08906397,-0.012591861,-0.060198132,0.114205316,0.017989093,-1.7101151E-7,0.016058099,-1.7168567E-6,0.06661646,1.7749561E-7,0.010574847,1.3113826E-6,-0.11037174,-4.618188E-7,0.03743838,0.0863105,-9.0523235E-7,-0.010299123,6.792428E-7,0.005403665,5.107479E-7,0.033218734,0.011227655,7.2189565E-8,-2.9068778E-7,0.006979781,0.07695151,1.6282561E-6
0.014443932,-0.048441608,0.12126781,5.8074143E-11,-0.11252203,-5.0505233E-4,0.015656408,-4.7645444E-4,-0.012674777,0.014264694,-0.048433583,4.030528E-4,-0.053471837,0.046270728,-0.0324267,0.017339585,0.002406947,0.0033945118,-0.0039547225,0.0136572,-0.059217665,-0.032368667,-0.0904307,0.013468598,-0.017485302,0.012923162,-0.00807294,0.045838967,-0.038126525,0.012452044,0.0025904723,-0.070147745,-0.041408423,-0.017783375,-0.019228408,0.01063713,-0.02259538,-0.054374523,0.007411116,-0.0019536493,0.058771115,0.07750135,-0.11189928
0.048441608,0.014443932,-5.805828E-11,0.12126781,0.0023363794,-0.15349434,0.084148146,-0.19151597,0.0814999,0.0051403446,0.008459009,-0.022857327,-0.0056732385,0.16809723,-0.055132326,0.09102512,-0.010680674,-0.09131629,0.1583289,0.030379586,0.0018595832,0.041652072,-0.006537863,0.087017626,-0.04071761,0.0041459766,0.005425358,-0.17057797,0.009062103,0.04488863,0.09506102,0.01059988,-0.012373268,-2.821845E-4,-0.0012256206,-0.018821998,-0.00693553,-0.043760866,-0.0037018897,0.010897859,0.022397798,0.047950923,0.022381581
0.038665988,-0.054459624,0.12126781,1.1088223E-10,-0.08413268,0.01548135,0.05093443,0.048311286,-0.06066069,0.08794007,-0.07108367,0.056637675,-0.05735937,0.07583571,-0.10681506,0.052296426,0.008167322,-0.0029862325,-0.017457426,0.013700695,-0.04265934,-0.07453327,-0.043668833,-0.009655081,0.03551661,0.012258517,-0.03910628,0.12365422,-0.014305015,0.0099491635,-0.072472826,-0.071968995,-0.060211953,-0.043385796,-0.05037671,-0.06694691,-0.028654415,-0.060821526,-0.004683184,-0.021858012,0.032140996,0.04734246,0.02303216
0.054459624,0.038665988,-1.108644E-10,0.12126781,0.0018056259,-0.11119939,0.0274279,-0.16874927,0.11442434,-0.05801201,0.029067887,-0.06751248,-0.03143778,0.1434791,-0.048615206,0.06882537,0.021566963,-0.02861232,0.09340143,0.031125942,-0.010482617,-0.009270923,0.010439489,0.08027491,-0.07937582,0.024171954,-0.042314034,-0.010627571,0.057084322,0.051708393,0.026768511,-0.016475037,-0.036858607,0.04720276,-0.0049543567,-0.10853967,-0.004792254,-0.030042516,-0.056611713,0.013704096,0.025573242,0.07538451,-0.004934134
0.06280598,-0.07166553,0.12126781,1.7015447E-10,-0.013567117,0.009773059,0.13475285,0.072618246,-0.09495341,0.18911386,-0.09183649,0.1342355,-0.05456848,0.18607633,-0.19097194,0.0981286,0.0059929574,-0.04751719,0.027064078,0.07335888,-0.02620615,-0.10079852,-0.033669837,-0.055395752,0.10894089,0.027556878,-0.009916041,0.14631984,-0.019780999,0.009380598,-0.07590002,0.0016670711,0.0453974,-0.030500734,0.004522088,-0.07268847,0.011309428,0.057788625,-0.03697898,-0.018036213,-0.045393437,-0.11970336,0.26234168
0.07166553,0.06280598,-1.70131E-10,0.12126781,0.004412104,0.0024210731,-0.10073921,-0.07039248,0.122775935,-0.14133969,0.049012933,-0.115809456,-0.039620522,-0.037080478,-0.06348016,0.022808257,-0.013382939,0.1435126,-0.052364618,-0.005569988,-0.016461322,-0.06651447,-0.011437819,-0.03590079,-0.14568108,0.042681016,-0.011317624,0.23706885,0.07494119,0.07800814,-0.1948817,5.3004234E-4,-0.23554526,0.045562804,-0.08706802,-0.16841997,-0.22115281,-0.08850347,-0.06618279,0.09049653,-0.023993734,-0.0031915857,0.009771497
0.04745541,-0.09021924,0.12126781,1.4994475E-10,-0.04173763,-0.0027298513,0.06351799,0.1112204,-0.14219898,0.13029145,-0.068982586,0.055690758,-0.08225045,0.09701987,-0.095764376,0.07422817,-0.0052197217,-0.01936402,0.0025000311,0.0408421,-0.01129378,-0.05922019,-0.06639402,-0.03311508,0.08423695,-0.0021551254,0.034066252,0.07214265,-0.07074629,-0.007742888,0.024830105,0.08948813,0.050389156,-0.06600577,0.01379301,-0.097655185,0.04870874,0.07144054,-0.052555915,0.07661423,-0.027041404,-0.07906504,0.21509853
0.09021924,0.04745541,-1.499152E-10,0.12126781,0.005327894,-0.047500663,-0.123036705,0.08685469,-0.068304904,-0.09040101,0.028084831,-0.104717776,-0.031589366,-0.08425832,-0.045432277,0.06729892,-0.0016761505,0.073143944,-0.017977307,0.019526258,-0.027226906,-0.029872222,-0.018458422,-0.04112744,-0.1457974,0.037318416,0.009726819,0.063911654,0.037128277,0.015343278,-0.007973067,0.0036366093,-0.094496384,0.028855177,-0.05656859,-0.20098549,-0.0888781,-0.023815567,-0.06852724,0.09387405,0.03005385,-0.00902587,0.02967011
0.0256151,-0.09980717,0.12126781,1.11228055E-10,-0.07305871,-0.008741218,0.029362017,0.06553282,-0.082402766,0.05721986,-0.061542902,0.011664008,-0.094781674,0.0512253,-0.03176585,0.045111716,0.013050964,-0.0032238292,0.008385758,0.0148945125,-0.016088882,-0.030509394,-0.07014446,0.008893571,0.09671232,0.026944716,0.006310703,0.0756319,-0.0872846,5.8094895E-4,0.063486785,0.08742665,0.051340863,-0.042123258,0.020258715,-0.005435217,0.04292894,0.025764368,-0.030324297,0.12000788,-0.013885193,-0.047789197,0.09977298
0.09980717,0.0256151,-1.1119537E-10,0.12126781,0.0022093116,-0.10171672,-0.1401542,0.19819689,-0.2066115,-0.06631125,0.013514916,-0.1253907,-0.01768917,-0.087645285,0.016531548,0.08361338,0.0029099488,0.03641407,0.007260685,0.01680214,-0.014683399,-0.008606658,-0.007222903,-0.026640646,-0.07762819,0.022535898,0.012014041,-0.011243956,0.018271029,-0.019005632,0.21111773,0.005083214,0.0022657495,0.015193508,-0.017504804,-0.12185519,0.027164752,0.044071477,-0.042286657,0.051184237,0.09786531,-0.010569441,0.011626203
1.2238124E-10,-0.102359176,0.12126781,6.066741E-11,-0.09825349,4.1665653E-9,-4.263178E-8,1.9026032E-8,9.905877E-9,-6.893403E-8,-0.07193699,8.872258E-8,-0.09074632,-5.047024E-8,-5.2757333E-8,-6.8741365E-8,5.862818E-8,6.109959E-8,-4.2497003E-8,8.352895E-8,-0.027346773,3.629331E-8,-0.024315612,-9.25448E-7,0.11739691,-2.0115094E-7,0.0020073338,2.9130283E-7,-0.05056239,1.6983826E-8,2.611205E-7,0.0549854,4.2575184E-7,0.002474815,1.8853865E-7,0.0165027,2.2683912E-7,-5.3566406E-8,-0.038031653,0.091854826,-1.4771275E-7,7.180425E-7,-0.013531498
0.102359176,1.2285997E-10,-6.063389E-11,0.12126781,-1.219999E-8,-0.1215276,-0.14402795,0.22956386,-0.23315318,-0.05744926,5.695665E-8,-0.12793432,1.282362E-7,-0.09702427,0.04085054,0.093408234,0.018744819,0.015392804,0.030653642,0.021615367,1.4911289E-7,6.595042E-4,-1.8171148E-7,0.017815975,1.2482488E-7,0.02265584,-3.7207062E-7,-0.012203984,4.6249573E-7,-0.035030924,0.2954178,-2.3158916E-6,0.06272838,9.2210405E-7,-0.0046756086,8.534859E-7,0.07781417,0.042425603,2.8323527E-7,1.343046E-7,0.09949085,0.0068157734,4.5859448E-8
-0.0256151,-0.09980717,0.12126781,7.0816634E-12,-0.07305874,0.008741236,-0.029362103,-0.06553272,0.08240265,-0.057220004,-0.061542805,-0.011663925,-0.09478139,-0.05122558,0.031765725,-0.045111757,-0.01305086,0.0032238574,-0.008385773,-0.014894405,-0.016088724,0.030509384,-0.07014391,-0.008897244,0.09671257,-0.026944783,0.0063134856,-0.07563117,-0.08728526,-5.8079726E-4,-0.06348479,0.087428354,-0.05134026,-0.04212349,-0.020258429,-0.0054356554,-0.042929016,-0.02576416,-0.030324662,0.12000768,0.013884056,0.04778985,0.09977088
0.09980717,-0.0256151,-7.0489816E-12,0.12126781,-0.0022092892,-0.10171683,-0.14015423,0.19819716,-0.20661154,-0.06631127,-0.013514722,-0.12539051,0.017689297,-0.08764524,0.016531382,0.08361298,0.002910079,0.036413968,0.0072605587,0.016802156,0.014683185,-0.008607042,0.0072242552,-0.026640875,0.0776282,0.022535518,-0.012014192,-0.011242891,-0.01827085,-0.01900515,0.21111555,-0.0050870706,0.0022657216,-0.015191974,-0.017504219,0.121855825,0.027164336,0.044072017,0.042287033,-0.051184285,0.097866185,-0.010568134,-0.011627267
-0.04745541,-0.09021924,0.12126781,-4.3000412E-11,-0.04173762,0.002729858,-0.06351808,-0.11122032,0.1421991,-0.13029142,-0.068982236,-0.055690765,-0.08225028,-0.09702001,0.09576381,-0.07422835,0.005219779,0.019363897,-0.0025000721,-0.040841978,-0.011293799,0.05922014,-0.06639575,0.033111554,0.08423731,0.0021555822,0.034068055,-0.07214153,-0.0707469,0.0077430834,-0.02482784,0.089488894,-0.05038841,-0.06600581,-0.013793377,-0.09765493,-0.04870833,-0.0714408,-0.052556206,0.07661377,0.027041318,0.079061344,0.21509558
0.09021924,-0.04745541,4.3029955E-11,0.12126781,-0.0053278976,-0.047500674,-0.123036705,0.08685469,-0.068304874,-0.09040107,-0.028084591,-0.10471765,0.031589597,-0.08425797,-0.045432255,0.06729905,-0.0016762123,0.073144145,-0.017977294,0.019526351,0.027226752,-0.029872356,0.018460514,-0.041126773,0.1457971,0.03731794,-0.009728779,0.063911945,-0.037127737,0.015343039,-0.007973173,-0.0036351455,-0.09449596,-0.02885519,-0.056567084,0.200986,-0.08887966,-0.023814265,0.06852667,-0.093874805,0.03005508,-0.009023639,-0.029670542
-0.028928392,-0.07859161,0.12126781,-1.222825E-11,-0.07437283,-0.0030370937,-0.051848114,-0.03765591,0.06777081,-0.09328532,-0.05066008,-0.042472553,-0.068211064,-0.10471059,0.04319395,-0.053913385,5.400767E-4,0.0118980855,-0.008831569,-0.011033366,-0.05702065,0.06349014,-0.046050463,-0.012662075,0.09188215,0.0027450428,-0.057835687,-0.097922534,-0.033698913,0.019245254,0.007452388,-0.043797202,0.09807048,0.027821608,0.02769868,-0.10938125,0.06970929,-0.03776541,-0.027185919,-0.034274433,-0.13282928,-0.09636205,-0.023098594
0.07859161,-0.028928392,1.2253981E-11,0.12126781,-0.0027540033,-0.076544546,-0.104854666,0.06988561,-0.11833711,0.0198612,-0.010512992,-0.009168689,0.032944713,-0.05550637,-0.032507148,0.14917375,0.07046644,-0.103777215,0.085467346,-0.0153068,0.0066628014,-0.02804627,0.0021038202,0.08587879,0.04384898,-0.048111968,0.0021211016,-0.14038256,-0.036562733,0.0534223,-0.23073831,-0.022482164,-0.07183873,-0.032715138,0.08021195,0.08494345,-0.031199954,-0.09718698,0.050043248,-0.06694933,-0.1470524,0.048344076,-0.022483433
1.401162E-10,-0.08251161,0.12126781,4.8903926E-11,-0.09674866,2.6733584E-8,-1.9460847E-8,8.9991525E-9,-2.6767532E-8,-5.2020766E-8,-0.06540185,-1.0367449E-8,-0.07224848,-4.8509186E-8,-9.744847E-9,-9.0067374E-8,-4.220468E-8,7.860996E-9,-5.0427314E-8,1.24092E-7,-0.040918972,3.5027515E-8,-0.056380514,-1.5497417E-6,0.09119854,-1.16671785E-7,-0.0209735,-2.1460237E-7,-0.034341533,-2.5775913E-7,-1.5801515E-7,0.0018136775,2.9609575E-7,0.02828693,-2.4701118E-8,-0.001996767,-2.567878E-8,8.8233485E-8,-0.020301376,0.049272567,-2.3556636E-7,1.003559E-6,-0.10417572
0.08251161,1.4050211E-10,-4.887691E-11,0.12126781,-6.4337966E-9,-0.098976284,-0.10474694,0.097635366,-0.15825501,0.028435031,-3.3315264E-9,0.0058779763,3.4798862E-8,-0.0427866,-0.0025766285,0.14258088,0.06542124,-0.13398537,0.11938504,-0.012468828,-1.4675753E-7,0.011795475,-2.9144996E-6,0.124670774,3.2962623E-7,-0.0544678,2.6364587E-6,-0.1889557,-5.0895346E-7,0.034483876,-0.15938379,1.704562E-6,-0.06897092,-7.504291E-7,0.042115718,-2.8329387E-7,0.009780611,-0.06002749,-5.286534E-8,1.9827269E-7,-0.11022938,0.07319304,-1.0928487E-6
0.028928392,-0.07859161,0.12126781,1.0538939E-10,-0.07437281,0.0030370967,0.051848102,0.037655946,-0.06777078,0.09328521,-0.05066021,0.042472444,-0.068211384,0.10471031,-0.043194048,0.053913023,-5.4008875E-4,-0.011898441,0.008831376,0.011033536,-0.057021104,-0.06348993,-0.04605186,0.012659673,0.09188131,-0.0027461427,-0.057838596,0.097921774,-0.033698488,-0.019245153,-0.007453599,-0.043796662,-0.098070584,0.027821701,-0.027699353,-0.10938083,-0.06970807,0.03776502,-0.027185157,-0.03427418,0.13282964,0.09636258,-0.023105638
0.07859161,0.028928392,-1.05363655E-10,0.12126781,0.002754001,-0.076544665,-0.10485467,0.069885656,-0.11833706,0.01986118,0.010513041,-0.009168603,-0.03294459,-0.055506434,-0.032507233,0.14917323,0.07046658,-0.103777364,0.085467234,-0.015306779,-0.0066631613,-0.028046511,-0.0021079378,0.085878596,-0.04384863,-0.048111834,-0.0021169968,-0.14038223,0.036561724,0.053422842,-0.23073974,0.022486933,-0.071838446,0.03271368,0.08021163,-0.08494542,-0.03119841,-0.09718809,-0.05004351,0.066948965,-0.14705265,0.04834365,0.022486906
0.028838826,-0.06603889,0.12126781,9.7767426E-11,-0.079234414,0.007299123,0.05136174,0.0312361,-0.059742983,0.08882631,-0.054660577,0.041976925,-0.06711464,0.106173046,-0.04770172,0.053974077,-0.003033497,-0.00859083,0.0040629082,0.010983363,-0.057121243,-0.07173984,-0.04230536,0.0055456823,0.067954406,-0.011993973,-0.057329666,0.11018581,-0.01958086,-0.018549828,-0.021888344,-0.06566454,-0.107910275,0.014578129,-0.037355788,-0.11186255,-0.07940017,0.028433004,-0.026892364,-0.028501224,0.12627564,0.09655337,-0.016850656
0.06603889,0.028838826,-9.7745805E-11,0.12126781,8.6928107E-4,-0.107114084,0.007485886,-0.0808213,0.09639134,-0.08269198,0.028913295,-0.13442132,-0.021480946,0.124436595,-0.022544459,-0.023341112,-0.035279475,0.14963327,0.010555478,0.008830445,-0.0067741745,0.0060345703,0.0050514913,-0.09306377,-0.060311075,0.06836408,-0.020348337,0.15810052,0.04331266,-0.046632316,0.096576616,-0.010697487,0.11994779,0.03301882,0.011482157,-0.075647876,0.040466134,0.062165722,-0.046532515,0.05083879,0.0036367972,-0.12741283,0.024556011
1.5173807E-10,-0.066257514,0.12126781,3.927026E-11,-0.10435311,5.8727267E-9,-2.6134694E-8,3.5126025E-8,7.800166E-9,-5.6087146E-8,-0.05588802,2.868339E-9,-0.06848265,-1.0567187E-8,-2.8393874E-8,-6.3239604E-8,2.3757678E-8,-3.8378882E-8,-6.382616E-8,1.361079E-7,-0.05189597,-2.2023225E-9,-0.062167477,-1.577479E-6,0.0663478,-5.3362356E-8,-0.032226335,-2.9282296E-7,-0.025946822,-3.1412696E-7,-7.032219E-7,-0.033052854,-7.927569E-9,0.030080859,-9.2382116E-8,0.014640388,3.6354244E-8,1.07577725E-8,-0.020737201,0.027585538,-5.9119166E-8,1.0252634E-6,-0.11579036
0.066257514,1.5204796E-10,-3.9248566E-11,0.12126781,-1.7499813E-8,-0.1287017,0.02922521,-0.08406931,0.060771804,-0.047705688,4.5120593E-8,-0.09641119,-1.931033E-7,0.13634685,-0.023081616,-0.0312085,-0.050495308,0.11889476,0.04692847,0.018356677,1.1294602E-7,0.031073263,2.283521E-6,-0.08700886,-1.4865323E-7,0.07116008,-1.3030099E-6,0.048034202,4.1133757E-7,-0.04913473,0.12399236,-1.8292064E-6,0.16604628,1.9369895E-7,0.024205562,2.2200172E-7,0.05160555,0.10543836,7.083875E-8,5.277069E-7,-0.024756266,-0.14813334,-1.2611113E-6
-0.028838826,-0.06603889,0.12126781,-1.9486055E-11,-0.079234436,-0.0072990954,-0.051361762,-0.031236095,0.059743024,-0.08882631,-0.054660328,-0.04197698,-0.067114376,-0.10617317,0.047701716,-0.053974077,0.0030336627,0.008590862,-0.0040629883,-0.010983234,-0.057120904,0.07174006,-0.04230481,-0.0055481805,0.06795461,0.011992854,-0.057327453,-0.11018714,-0.0195812,0.018549625,0.02188711,-0.06566579,0.10790973,0.014578134,0.03735486,-0.11186256,0.07940083,-0.028433247,-0.026892342,-0.028502433,-0.12627563,-0.096552834,-0.016844073
0.06603889,-0.028838826,1.9507677E-11,0.12126781,-8.692903E-4,-0.10711409,0.0074858577,-0.080821164,0.096391335,-0.08269219,-0.028913127,-0.13442127,0.021480624,0.12443668,-0.022544548,-0.023341123,-0.035279468,0.1496333,0.010555229,0.008830496,0.0067740297,0.0060345987,-0.0050469916,-0.09306391,0.060310613,0.068364404,0.02034287,0.15810135,-0.043311384,-0.0466324,0.096576825,0.010695137,0.11994803,-0.033019163,0.011483095,0.07564788,0.040464986,0.06216691,0.046532847,-0.05083717,0.0036369206,-0.12741247,-0.024559276
1.4633152E-10,-0.074026525,0.12126781,4.3874886E-11,-0.09880123,-4.025085E-9,-3.329977E-8,3.944665E-8,1.2485034E-8,-7.3050195E-8,-0.06320973,3.96083E-8,-0.06799294,1.0968169E-8,-4.3235172E-8,-1.00352445E-7,7.0212223E-9,-1.0892181E-8,-7.736087E-8,1.4137291E-7,-0.047347963,-8.625154E-8,-0.04825751,-1.2743137E-6,0.09245704,-1.12453025E-8,-0.033221785,-1.8650216E-7,-0.024572402,-2.3057704E-7,-5.912483E-7,-0.010219355,7.912459E-8,0.030555904,-2.1174694E-7,-0.0051035006,-4.035004E-8,-1.1232157E-8,-0.0277959,0.043236174,-1.9342453E-7,8.36575E-7,-0.10870591
0.074026525,1.4667774E-10,-4.385065E-11,0.12126781,-7.622192E-9,-0.107222974,-0.033888225,0.0070752497,-0.033279773,-0.01747403,1.3619799E-8,-0.0394721,-8.761365E-8,0.054648638,-0.023230763,0.041879617,-0.0015587658,-0.005195618,0.05273929,-0.011882986,2.2598826E-8,0.014465216,5.422365E-8,0.0019106395,-5.3666347E-9,-0.0055827885,3.7340448E-7,-0.03334403,-7.856661E-8,-0.015544043,-0.058482,1.2720287E-7,0.0808595,-5.403742E-7,0.016793713,-3.1801233E-7,0.04922768,0.041137505,4.815505E-8,3.2598803E-7,-0.06674095,-0.072461255,-1.5943881E-6
1.9399121E-10,0.008655607,0.12126781,-5.1301042E-12,-0.17677876,3.6803787E-8,-3.5505139E-9,2.1083693E-10,-2.8416853E-8,-3.3376797E-9,0.0046206177,-9.410939E-8,0.02444889,2.6823443E-8,4.694956E-8,-1.3093863E-7,-9.6982525E-8,-1.9248435E-7,-1.17722564E-7,-2.8408527E-8,-0.024405329,-4.0215035E-8,-0.02093086,3.6497237E-8,-0.23020202,2.0957724E-8,-0.041869115,-6.441547E-7,0.07978579,-2.9725837E-7,-1.4816218E-6,-0.1123632,-4.659069E-7,0.010852791,3.8432624E-8,0.113468885,-4.0790792E-7,4.4623874E-7,0.067791246,-0.07644957,-3.7821206E-7,8.003297E-7,-0.022312663
-0.008655607,1.9395073E-10,5.1272693E-12,0.12126781,-6.0635794E-9,-0.20546383,0.191643,-0.03152087,-0.08031621,0.19217701,-1.0677808E-7,0.100476675,-7.0580306E-8,-0.08889458,0.20486298,-0.040538535,-0.122472435,0.0754304,-0.10515626,-0.052373596,1.3647656E-7,0.08447899,1.3030973E-7,-0.004204629,-2.5619366E-8,-0.22870615,3.928018E-6,-0.16078502,2.8569178E-7,-0.22005808,0.019971913,5.692475E-7,-0.06878097,-1.1148363E-7,-0.0033499931,-5.343715E-7,-0.3275733,-0.10128124,-8.6038096E-7,1.7596342E-7,0.14801905,-0.19235016,-8.004079E-6
