-1.0
-1.0
-1.0
-1.0
0.060097426
0.052200288
0.02828337
0.02445172
0.01947301
0.016116906
0.015570748
0.013977165
0.011875094
0.011629894
0.010916587
0.010179228
0.009003252
0.0086314455
0.008412957
0.008222505
0.0079545295
0.007401449
0.0071499664
0.006971825
0.0067545893
0.0063271415
0.006186011
0.006093933
0.005892758
0.0055020135
0.005241881
0.0052262675
0.005073232
0.0049802503
0.0047166003
0.004647682
0.0045490856
0.0044052186
0.0044041136
0.0042093243
0.004128074
0.0040826458
0.0039108107
