5.0485658E10
4.4101685E10
3.519651E10
1.09606973E10
7.4435963E9
5.6985564E9
5.3027686E9
3.83617075E9
3.31725645E9
2.779872E9
2.07775027E9
1.92542349E9
1.92343245E9
1.62164595E9
1.44793446E9
1.29120294E9
1.09261338E9
1.00258189E9
8.8075731E8
8.4013638E8
7.8874029E8
7.3349824E8
6.9601875E8
5.32845728E8
4.78225408E8
3.5419952E8
3.0672608E8
2.67223072E8
2.46400096E8
2.34315296E8
2.08889232E8
2.0416216E8
1.71035008E8
1.66932848E8
1.52273168E8
1.43206176E8
1.25916696E8
1.20138872E8
1.10612632E8
1.06279952E8
9.818792E7
9.6376568E7
9.5390616E7
9.1696568E7
8.5659104E7
7.5458152E7
7.2436392E7
6.8847976E7
6.8217112E7
6.5719892E7
6.495352E7
6.2720412E7
6.1026816E7
5.7147012E7
5.3495004E7
5.1857272E7
5.1478208E7
4.9433612E7
4.9062808E7
4.8379024E7
4.7895668E7
4.7577336E7
4.6402076E7
4.2869372E7
4.2319428E7
4.1839164E7
4.0418448E7
3.866204E7
3.7374652E7
3.7061792E7
3.5959268E7
3.5626148E7
3.4588992E7
3.4230852E7
3.3235454E7
3.27555E7
3.2411832E7
3.2050504E7
3.032624E7
3.0152004E7
2.9352784E7
2.9139856E7
2.8853882E7
2.8010792E7
2.7616924E7
2.7364998E7
2.6853274E7
2.569811E7
2.5251416E7
2.5078968E7
2.4808252E7
2.4756796E7
2.4233296E7
2.37135E7
2.3377974E7
2.330571E7
2.3154418E7
2.2510156E7
2.2174326E7
2.1655554E7
2.1538652E7
2.1021102E7
2.0519884E7
1.9738542E7
1.9243064E7
1.8961658E7
1.84301E7
1.7951046E7
1.5549502E7
