0.98546666,0.005076586,-0.001375707,-7.316681E-5,1.8235695E-4,-0.14990225,0.0042280275,-3.6564647E-4,-0.0036748599,-2.0005174E-4,0.0011143865,-0.0075059207,-0.0015017623,-7.9281355E-4,-2.1335419E-4,-0.0013638304,0.0010202323,-0.0012112003,0.00192885,-0.0026407856,7.902844E-4,0.001487915,0.008173456,1.9683903E-4,0.0010764486,-5.891444E-4,-2.7724984E-4,-0.013263713,9.6912595E-4,4.3896545E-4,-0.002820324,-0.0014917692,-0.011413238
0.0014047641,-0.50137454,-0.85990375,-0.014099608,0.016444396,-6.6949474E-4,0.0015916926,0.0026021968,1.8488015E-6,0.011947956,3.4917027E-4,9.502786E-5,-0.004322874,0.0023405459,0.0014183245,-0.006484948,0.003638117,-0.0069730943,3.2270684E-5,-0.0047583976,-0.010927994,-6.477778E-4,-8.222107E-6,0.008847679,0.042665765,-0.0143708745,0.0063764127,-0.003310032,-0.0132144485,-0.013962242,-0.008102219,0.009240111,-0.008574303
1.6248976E-4,-0.032369494,0.031073563,-0.9917031,0.04851621,0.0011086568,0.034020677,0.011484928,3.6426488E-4,-0.019532133,-0.0087809265,1.4354862E-4,-0.0011603072,-0.0088634305,-0.013166862,0.02284352,0.0103557035,2.3244724E-4,-4.5482116E-4,-0.019514106,0.016365243,0.015016436,1.4800283E-4,-0.031913765,-0.02736421,0.0025591531,0.009035681,0.0040494236,0.019868964,0.016577559,-0.03293523,-2.8773418E-4,0.0031863214
-7.4102444E-4,0.1431847,-0.106176324,-0.060396496,-0.9503765,-0.0035461562,-0.07688804,-0.06833691,3.1576908E-4,-0.032235164,-0.061831042,-1.9572943E-4,0.01979032,-4.2931084E-4,0.0025067306,-0.0039300895,-0.042513918,0.0420074,7.852807E-4,0.07142409,-0.0022341923,-0.053725094,4.5328698E-6,0.0033691172,-0.010955525,0.06669107,-0.020666083,0.001552293,0.012423123,0.07290563,-0.041856814,-0.06320372,0.068408504
1.1844861E-4,-0.028817883,0.021798456,0.020821104,-0.0920592,0.022768887,0.96909255,0.083575316,1.2225205E-4,0.08363975,-0.017630802,-3.8539205E-4,0.010596187,0.03169397,0.016575968,0.034251332,-0.048564326,0.013052319,1.2915874E-4,0.030867284,-0.058508966,-0.010118488,-6.2019675E-4,-0.038642537,-0.015145196,0.0031951857,-0.0014061733,-0.009485742,-0.062903754,-0.029957643,0.07409463,-0.008121945,0.008583347
1.6449486E-4,-0.02838933,0.020206533,0.0049878494,-0.07292031,-0.0019748292,-0.07676801,0.91670126,-0.0016475447,0.098626204,0.24919407,-0.003856797,0.04470932,0.079337366,0.010479113,-0.08296715,0.01724725,-9.367395E-5,4.331923E-4,-0.02322045,-0.038050376,0.008692768,2.4200967E-4,0.030690065,-0.034212116,-0.06646783,-0.048553508,-0.007145832,-0.0023211935,0.07879261,-0.15527694,0.04249729,0.042695656
-0.0030767007,-1.9728697E-5,1.851337E-5,8.6749926E-5,1.19169374E-4,-0.052920345,0.0010768278,0.0011247976,0.9948346,0.0023160072,8.573598E-4,0.0120885875,2.5212386E-4,0.001669515,8.2722417E-4,-7.3443056E-4,6.125041E-4,-8.3720784E-5,0.0066800765,-0.0010944084,-0.0016682538,-2.6401962E-4,-0.0011715136,5.483774E-4,0.0015820699,-3.6601105E-4,9.951873E-4,-0.020866005,0.0028941894,9.111418E-4,0.0023712202,-2.729219E-4,0.0035622437
1.9717278E-4,-0.035928838,0.027855724,0.002652433,-0.04834477,-0.0015801027,-0.06400131,-0.07580992,-0.0015756346,0.9301394,-0.105945095,0.0033671064,-0.07513379,-0.049327374,-0.09387324,0.1526232,0.054534752,-0.024658535,-0.001682002,-0.0952844,0.028531086,0.06184966,2.940935E-4,-0.13246132,-0.02368165,0.0012629292,0.040615723,0.0044320617,0.037893984,0.0014271539,-0.081472926,0.052479662,0.001468736
0.0042527146,1.345349E-6,9.963574E-6,-1.0502491E-6,-9.916856E-5,-0.019281294,6.051471E-4,3.6658617E-5,-0.012188127,-3.2469237E-4,0.010745918,0.9968379,0.020151775,-7.664418E-4,3.6709057E-4,-6.914199E-4,-0.0014704142,8.1162195E-4,-0.02902661,0.0030024627,4.5047616E-4,-0.0014705899,0.029864667,2.7285065E-4,-0.0012847114,-2.2181E-4,6.556554E-5,0.008984825,-0.003538572,1.7514074E-4,-0.0022220286,-7.50378E-5,-7.955785E-4
-1.01485486E-4,0.021091728,-0.01685517,0.0030688976,0.03408025,-0.0014535764,0.012343752,0.044504393,3.2346998E-5,0.04832138,-0.32642424,-0.013483921,0.8517385,-0.270923,0.013284116,-0.12797353,0.10482735,-0.024312714,-5.1427877E-4,-0.051680345,0.14300333,0.03149249,0.0014250614,0.07780618,-0.0049327286,-0.02259773,-0.04529208,0.0015492353,0.017940093,0.012708118,-0.0067661563,-0.005141271,0.03535562
-4.7812522E-5,0.008434137,-0.0052117873,-0.0082287565,-0.0011525151,0.0018237509,0.015605989,-0.043130297,4.1678874E-4,0.054864082,0.5000993,-0.0062466953,-0.0077465274,-0.76078784,0.23261836,0.115126766,-0.052975055,0.024508664,0.001704159,0.12590227,-0.04423973,-0.14103994,-9.890423E-4,0.0050977236,0.13526121,0.11304019,0.0529502,-6.3611666E-4,-0.027818207,0.022952855,0.022841338,-0.04999708,-0.036382146
1.18668744E-4,-0.021412509,0.01625821,3.6309546E-4,-0.033071913,-3.7000186E-4,-0.012452716,-0.023064936,-4.4634278E-4,0.002683809,-0.047101613,1.19228695E-4,0.037271436,0.19515142,0.90065914,0.19762424,0.16713107,-0.07468767,-0.0027557819,-0.1763389,0.0020618336,0.11238913,6.567695E-4,-0.048849944,-0.034198664,-0.030570757,-0.019137917,-0.007834742,-0.00835355,-0.0024301095,-0.038351323,-0.008760169,-0.045989472
7.1257935E-5,-0.014220998,0.010742557,0.0015731563,-0.01862231,9.946984E-4,-0.0020142787,0.010245507,5.280738E-5,-0.009284018,-0.21373136,0.0061677485,-0.19081761,-0.24210273,0.10022428,-0.60576093,0.3445258,0.0831674,0.001487538,0.050309792,-0.38368413,0.05087125,-0.0012699882,-0.341723,-0.13753016,-0.14409405,0.08004166,0.008256576,-0.038377833,0.036083404,0.043159604,0.07138833,0.009127242
-1.4279735E-4,0.027552236,-0.018730875,-0.007860687,0.030051392,4.0493658E-5,0.02198914,0.0015572628,-1.5757546E-4,0.045570996,0.09428063,-6.451635E-4,-0.022990767,0.12503412,-0.020347603,0.09619977,0.66432434,0.46122918,0.0015701962,0.33933708,0.3054714,-0.14868127,0.0010594735,0.04158445,0.06153967,0.0926601,-0.120012246,0.0028391548,0.054681886,-0.009316673,0.043513954,0.016090184,-0.03853875
5.25597E-5,-0.010266014,0.009155488,-0.0049660504,-0.023671882,6.7071334E-5,0.003380979,-0.005066731,4.5817415E-5,-0.022344705,-0.018565776,0.0011987262,-0.02801781,-0.025521848,-0.10763801,0.22666185,0.43069312,-0.7132129,0.0043527572,0.24781173,-0.23935305,-0.13871293,-0.0025708373,0.23673183,-0.124788664,-0.09945551,-0.030586455,0.0049925586,-0.0037993272,0.011368632,0.012617383,-0.020784391,0.049709532
-9.876809E-5,0.01717668,-0.011516742,-0.005570087,0.020215863,7.8060187E-4,0.011931062,-0.024387695,-1.3383858E-4,0.07116309,0.16662939,-0.002711249,0.020801123,0.15508191,0.09553574,-0.4115068,-0.07801831,-0.42627943,0.00230455,0.25046024,0.52035576,-0.10216085,0.004739796,-0.32381186,0.046122395,0.2721195,0.10542668,-0.0049068383,-0.046215117,-0.021822253,0.05471948,-0.07473465,0.055659022
0.0012693179,1.9285762E-5,-1.5387475E-5,-3.2951111E-6,-1.1270632E-5,0.032459043,-8.0088014E-4,5.0444207E-5,0.0010022434,2.21293E-5,-3.0942372E-4,0.024640644,5.843997E-4,1.824087E-4,2.7945128E-4,0.0016868872,-7.646811E-7,0.0015971789,0.98119324,-0.008776999,0.0021787297,0.0031565977,0.037971463,-0.0036565096,7.981841E-4,0.0027493022,-0.0077982503,0.1159043,-0.024666779,-0.010599804,-0.01159918,-0.0034855998,-0.013862386
-1.3405376E-5,0.0027453217,-0.0019061954,0.001427237,0.0065133423,-6.037319E-4,-0.0038795308,0.012723031,1.339486E-4,-0.002470778,-0.032067403,1.9304089E-4,-0.0032056281,-0.03211185,0.028547272,0.054975707,-0.07953419,0.0027924296,0.0025682733,0.5445232,-0.03382774,0.7903758,-0.0018789495,0.016610477,0.18670192,-0.047364287,0.0021736252,0.0062287045,0.029269574,0.02139877,-0.06045425,-0.0076306644,0.08554929
-0.001298292,-5.016709E-5,3.890981E-5,1.9651188E-6,-1.2088776E-5,-0.060298942,0.001548448,-9.336668E-5,-7.9699594E-4,-1.3143455E-5,7.940619E-4,0.029546466,1.1248102E-4,-3.4633972E-4,2.7151016E-4,-0.0018776136,5.335059E-4,-5.08355E-4,0.05237942,-0.0036810494,0.0073093725,0.0012072847,-0.9804023,0.0010854648,-0.0024293133,0.0014635939,0.0017335336,-0.02830469,0.0076226164,0.005101616,0.0035127269,0.0031610364,0.00469666
-0.005106364,0.84840935,-0.48815474,-0.032443248,0.16261226,2.0104084E-4,0.04370803,0.043856572,-1.5172923E-4,0.050665714,0.006551923,7.6046895E-4,-0.03217164,0.009760042,0.016960094,0.00829359,0.0037037733,-0.025890838,-5.209385E-4,-0.04044293,-0.038024157,0.021750994,-1.5101556E-4,-0.0055388412,-0.0063412767,-0.024875764,0.0017705251,0.0048290133,0.0075228545,-0.0103228185,0.0031697005,0.015033926,-0.0047168247
0.1564161,0.0015191868,-0.0012014131,1.574788E-4,-0.0011583945,0.9802143,-0.024078492,9.3741494E-4,0.0512419,3.5094854E-4,-0.0026772371,0.020203402,0.003691691,0.0018063264,7.304636E-5,0.002651774,-0.0014914444,0.0017897013,-0.027847605,0.0046256045,-6.608698E-4,-0.0022570558,-0.060076714,-4.7441604E-4,-0.0014009798,5.75545E-4,0.0015114907,0.0062521305,-0.0032853363,5.0279516E-4,0.0016350372,0.0032216192,0.010943497
-6.450179E-4,0.0012882919,0.004473921,-0.017881371,-0.04272007,0.002114181,0.017807348,-0.30997303,-0.0014788697,0.10706961,0.6666778,-0.013657032,0.35470203,0.3343643,-0.071725346,-0.22578208,0.09485592,0.033518348,4.3295987E-4,-0.099488005,-0.27988473,0.135092,-0.0013454279,0.03936673,-0.06565209,-0.14138976,-0.02541361,-0.0040619983,-0.0065169744,0.027251314,-0.0500326,0.050943047,0.0062529584
-0.0027882447,-0.0048233494,-0.009260348,0.051012665,-0.13006331,0.008352746,0.09413337,0.0061124437,0.0017152365,-0.21694916,0.14043245,0.0030543285,-0.111499004,-0.20614795,-0.22068618,0.092232026,0.35053578,-0.14479233,-0.008049195,-0.51691955,0.36850172,0.40504655,0.0045250338,-0.1581562,-0.020662742,-0.051770728,0.033951726,0.014004225,0.07088887,-0.048527487,-0.053329818,0.073179275,-0.043374162
-0.0021896132,0.0066210846,0.02690273,-0.040841747,-0.020165842,0.0068785613,0.056871165,-0.06423488,-6.309173E-4,0.15399228,-0.034131378,0.005496993,-0.24903214,-0.07659622,0.12336097,-0.4639109,0.010449892,-0.05339024,-2.6505899E-5,-0.1487301,0.1947559,0.06860494,0.002915512,0.71026623,0.19433288,-0.09874713,-0.13371311,-0.0031976693,0.02743587,-0.025265215,-0.04456336,-1.656232E-5,-0.012147577
-4.5827244E-4,-0.028339325,-0.058000416,0.04704923,0.079563975,0.0036491356,0.073853634,-0.09484413,0.0016929278,-0.01815348,0.029649088,-6.685995E-4,-0.074520476,-0.08084428,0.058542307,-0.03163681,-0.1056524,0.08534004,0.0015165712,0.113517284,0.19079968,0.017075947,0.003038466,0.113175265,-0.74279666,-8.944396E-4,-0.13034676,0.025708254,0.15291296,0.27029398,-0.2394836,-0.04991096,0.15360068
0.0030969386,-0.0012946854,-0.010407827,-0.031188704,-0.10872561,-0.0070768697,-0.102429755,0.100617744,-2.6316495E-5,0.07406912,0.07661982,-0.0016514139,0.017906008,-0.039786585,0.043972574,0.011148772,-0.10366332,0.027910009,4.1134225E-4,0.09300173,0.14274268,0.094979905,2.7488819E-5,0.10142027,-0.42214832,-0.24925525,0.08537262,0.0058505875,-0.14086328,-0.3892609,0.5760975,0.083205186,-0.20101705
0.0040110853,0.014979566,0.018433722,0.007111218,-0.03222137,-0.005712002,0.03279601,-0.08550107,7.726518E-4,-0.04765031,0.010937552,-0.0015592314,-0.008075381,-0.03819061,0.02161302,0.04948708,-0.120463185,-0.008743891,0.002106313,0.18774463,0.2430776,-0.21470214,-9.864613E-4,-0.16281898,0.13847214,-0.7837305,-0.055874284,0.02543562,0.049878635,0.0031462957,-0.25727352,0.21204886,-0.010379435
0.06318022,-0.0013787837,0.0029752052,0.004327612,9.19028E-4,-0.083033726,0.008297756,-0.0011659878,-0.016330509,-0.006297823,-0.006906617,-2.4090744E-4,0.0081961015,0.009772772,-0.0058910768,-0.0023450851,0.024329565,0.019601755,0.0033298316,-0.004569509,-0.009633539,0.008169176,-0.013575499,0.051759575,-0.011204557,0.07276813,0.07652863,0.34062847,-0.03713969,-0.0061827493,-0.009477313,0.00764255,0.15765515
-0.0052458756,-0.005412857,-0.017681643,0.030051015,-0.05704567,0.008259304,0.07174722,0.0425418,9.089645E-4,-0.03973923,-0.031421065,-0.0013399551,0.06743573,0.08549597,0.033638146,-0.051231656,0.046655018,0.05574343,0.0022343607,0.107474,-0.022697782,-0.121439464,6.672822E-5,0.21306376,0.085728645,0.03294575,0.64013004,0.05650125,0.30420536,-0.07181142,-0.08409985,0.110795714,-0.17616428
0.0040673944,-0.019622488,-0.029022705,0.008079304,-0.041014187,-0.0026205513,0.026638603,0.033638675,-0.0019285266,0.013570948,-0.0026921418,7.0309144E-4,0.006522035,0.029559506,0.03815355,-0.07818013,-0.055160925,-0.10560914,-0.008075398,0.008927984,-0.07355592,-0.07482635,-0.007436065,-0.14472233,0.19610085,0.019029377,-0.6095815,0.107098065,0.31845465,-0.08308835,0.14507198,0.06286898,-0.19698633
-3.7797465E-4,0.012683377,0.019843282,0.004199541,-0.03275295,-0.0014334399,0.012368205,-0.030135136,7.3263963E-4,-0.056053333,-0.020999229,-7.625157E-4,0.027262466,-0.065430485,-0.016777927,-0.030952893,-0.037801586,-0.0014768,0.0055921203,0.11929566,-0.08677302,0.011378872,0.0019751033,0.04204002,-0.18937908,0.32484478,-0.22083598,-0.12444005,0.022814939,-0.47698364,-0.40177825,0.38936585,-0.21718779
-0.0106785465,5.6688796E-4,0.0026605148,-1.496858E-4,9.0843043E-4,0.013746767,-0.0020292609,-0.0028224506,0.03199549,-0.0011098605,-1.8489234E-4,-0.014670682,0.0029430806,-6.245868E-4,-0.0017722883,0.0029319604,-0.0016775609,0.0056196772,-0.13559425,0.008134615,-0.002283678,0.002858786,-0.035286564,0.0026457463,-0.018000096,0.026531566,-0.025876407,0.8836677,-0.22362554,-0.0841968,-0.124615945,-0.012772048,-0.10016378
6.5486133E-4,-0.0030066287,0.004155614,3.8276183E-5,0.02508256,0.0021459206,0.0033880419,0.0242584,-0.0011498091,0.020387474,0.029483533,0.0010244609,-0.012156136,-0.02035461,0.0030503965,-0.024040025,0.016682027,0.02132505,-0.0015030884,-0.032627683,-0.05227696,-0.00920177,-0.004200926,-0.087359436,-0.044330735,-0.12911527,0.06984308,0.017931893,0.38906738,-0.55647933,-0.215586,-0.6066481,0.13293132
0.0011356726,9.1394066E-4,0.014149402,-0.007900263,0.01031926,-1.2858279E-4,0.003865491,0.011041079,0.0017496689,0.017607322,0.019938406,8.36621E-4,-0.004194427,-0.018165862,0.011173461,0.015636798,-0.082340665,-0.098444946,-0.0014203587,-0.013986057,-0.018385269,0.06797682,0.001240037,-0.05298936,-0.06709269,0.053579602,0.13291632,0.1458069,0.5908559,0.2805571,0.06565446,0.24160606,-0.3130431
2.6371737E-4,-0.006217069,-0.008954797,-0.009958724,0.0066770255,-8.437695E-4,-0.018849358,-0.017100574,-0.0011584766,-0.010739823,0.02535518,0.0019349365,-0.039964825,0.005070347,0.079499185,0.028018216,-0.018746754,-0.005964475,-0.0011834579,-0.072772995,1.0051775E-4,-0.04847864,9.3682E-4,-0.03481541,0.0660013,0.057352297,0.12141688,0.027642993,0.054154325,-0.26133364,-0.012797478,0.5261133,0.6053016
4.3867613E-4,8.036302E-4,0.012952819,0.0024259004,0.01386136,-4.2167763E-4,0.013741732,0.025449429,0.0021930272,0.005935378,0.03315416,5.7967547E-5,0.03523696,-0.07288186,0.009307894,0.025601763,0.023800885,0.028861735,-0.002797738,0.017751185,-0.022135077,-0.015239525,5.905711E-4,0.07126408,-0.0071044643,-0.0150440885,-0.11146318,0.07268399,0.20251006,0.056599528,0.22137466,0.06248691,0.3531667
3.7077197E-4,-0.007265069,-0.0056119068,-0.008952468,0.004808272,0.001564522,0.0116578,-0.00932562,-0.0014871052,-0.012488652,-0.002752542,0.00228009,-0.014083489,0.021076795,-0.046958834,0.012783121,-3.0390004E-4,0.05850821,-0.0022184267,0.01892799,-0.014112293,-0.00692773,-0.0040676743,0.03378533,0.041051485,-0.012410656,-0.053135127,0.039146103,0.12517235,-0.10893867,0.2758752,0.072925225,0.024254344
-0.0017429529,-0.001497901,2.3574258E-4,-0.0014545225,0.0011374544,0.006152679,0.0010238929,5.7150417E-5,-0.0015903903,0.0016061072,3.957072E-4,-0.03738123,0.004453158,-2.6589507E-4,-0.0038635365,0.002716306,-9.526021E-5,1.7040814E-4,0.019076655,7.880221E-4,-0.0026705198,9.86956E-5,0.08108352,0.0028570942,0.0033417966,0.0026782993,-0.012151224,0.030368589,0.040471513,-0.008315533,0.03848238,0.018888975,0.07016882
-7.101043E-5,0.0026856007,0.008095205,0.021950142,-0.014710649,-3.785892E-4,-2.6294313E-4,0.020373877,0.0012442776,0.0053110346,0.01485048,-9.852782E-4,-9.927171E-4,0.002716267,0.015490379,-0.009024099,-9.722417E-4,0.03635433,-0.0010053731,0.0038491616,0.00938634,-0.037416175,0.004992487,-0.0014872211,-0.021998836,0.049102254,-0.067317925,0.0107081495,0.024542158,0.09796316,-0.015463499,-0.061645806,0.16958046
-1.4059224E-4,0.0012779001,0.0073038703,0.0036498765,-0.011999394,4.4534558E-5,-0.034589812,-0.016739551,-0.0018661674,-0.032242447,-0.005073293,2.5266232E-5,-0.035299752,-0.0056636618,0.01797847,-0.041607328,0.021355871,0.07157516,-0.0012995093,-0.013782457,-0.05218338,-0.021809995,0.001134747,-0.04993119,-0.04688054,-0.0013594981,-0.010813846,0.049921542,0.15272339,0.107245356,0.067705646,-0.036439504,0.038870227
8.3029334E-4,-0.0024650586,-0.0024768424,-0.008970654,-0.003169139,-0.004001217,0.0051423684,0.0071685207,8.007645E-4,-0.0029948642,-0.008266794,-0.0024255803,0.03920267,-0.062027253,-0.01485749,-0.041282292,-0.013818689,-0.00226741,-0.0039654374,-0.018445646,-0.025109023,-0.026613358,5.674514E-4,-0.01509182,0.0010685847,-0.021212194,0.027111612,0.019399084,-0.0021351965,0.043424062,-0.0048353565,-0.021233808,0.09778152
-3.6031025E-4,8.883552E-4,-0.0034858685,-0.0017625146,0.0033991882,7.002083E-4,0.006067769,0.016617607,-0.0013872044,0.026966235,-0.014878804,7.097978E-4,0.029649846,-0.00913476,-0.0028228157,-0.025343135,0.036478374,-0.024736883,0.0059969365,-0.03319607,-5.720861E-4,-0.01504106,-0.0031487888,-0.030988567,-0.031130306,-0.06559997,0.015814511,-0.023765683,-0.081777595,0.0025649793,-0.13437979,0.115135126,-0.0367512
-1.19644355E-5,-3.9997758E-4,-0.0037325034,-0.009776858,0.0046395482,1.2241099E-4,0.0024542394,0.0031933426,0.002084843,-0.015745636,0.01252037,1.294202E-5,-9.7030663E-4,-0.015115678,-0.04702651,-0.011843928,-0.003923612,0.0020705382,-0.0029853068,0.023928957,-0.010735097,-0.03461325,0.0019770525,0.027299456,0.00970417,-0.0023631798,0.013849241,-0.017074041,-0.047930684,0.009373812,0.0102746105,6.5515685E-4,-0.026558287
-0.0026472085,-1.449623E-4,3.8230588E-5,4.6150977E-5,-6.376072E-4,0.006221674,-0.0027064586,2.3376697E-4,5.408483E-4,-0.0042597177,4.226356E-4,-0.006178123,0.0035416589,-0.0027249714,-0.004082788,-3.9868493E-4,-0.0022857145,0.003249806,0.06446476,0.0025932833,0.0032730745,-9.3649956E-4,-0.0371122,0.010528255,0.005652401,0.0046924027,-0.00813327,0.040403504,0.0047613247,0.0010289411,-2.283842E-4,-0.0060724095,0.019875059
1.0585201E-4,-1.1302607E-4,-0.0015516402,0.0024761495,-0.0027430304,-3.1413653E-4,0.0065974128,0.012304117,-0.0017228434,-0.013469346,-0.011650895,3.712126E-4,0.03598422,0.014243547,-0.009854946,0.012301207,-0.016370313,-0.021774422,-0.004490673,-0.004939766,-0.0028189714,0.019928005,0.0026891413,0.085297465,-2.4345929E-4,-0.048240826,-0.057959978,-0.015229467,-0.022090886,0.015132078,-0.05782172,-0.018557148,0.09021001
2.658629E-4,5.339913E-4,-2.9899037E-4,0.012876881,-0.008488563,-5.3878454E-4,0.005891195,0.0033011588,0.0034808563,0.0145346895,0.010571133,-0.001249337,-0.03929198,0.0283528,-0.0016861133,-0.0055307383,-0.015401254,-0.030489588,-0.0019198622,0.013772917,-0.03894313,-0.0025299548,4.4946373E-4,-0.037316624,-0.02443991,0.0033199366,0.02489128,-0.011242545,-0.053862505,0.021541102,0.0027755094,-0.0070712916,0.06738514
6.899647E-4,-0.0026064806,-0.004996754,0.020550197,-0.025115337,-0.001835806,-0.009603652,-0.010708992,0.0028697778,0.008935368,-0.01271742,-7.954158E-4,-0.0076286667,0.0072120465,0.010393692,0.01684304,-0.035482064,0.00844124,-0.0023444183,-0.019865133,-0.026757443,0.0050804866,0.0025481775,0.035883166,0.039844647,0.0060377456,-0.02249288,0.006541312,0.022091672,0.017312285,-0.03683095,-0.07085079,0.093447715
-5.662534E-4,6.5908604E-4,0.009657327,-0.0037182933,0.0072352043,7.4953336E-4,0.02735429,0.016015138,-0.0037167259,-6.359557E-4,-0.0070407367,8.4267906E-4,0.009686972,0.027618133,-0.008151752,-0.0031117927,-0.005291333,-0.018553223,0.0037731542,0.0065844646,0.010925316,0.017408358,-0.0022832653,-0.016943973,-0.05963937,-0.0055451784,-0.03090443,0.029855536,0.03090856,-0.01724759,0.100590676,0.0028232303,0.11091596
0.0038477555,-4.0196476E-4,5.3448824E-4,-0.003697824,0.0034243297,-0.009640112,-0.015988436,-0.0017215349,0.047585525,-0.007156618,-0.0076081655,-0.020509407,0.010629533,0.008551007,-0.013729527,-0.014457435,0.016613282,-0.018299183,-0.05123602,0.010261356,0.037166137,3.696724E-4,0.002550407,0.0073959865,-0.0024265111,0.010035759,-0.00505114,-0.04451323,0.06300956,0.008483171,-0.021802401,-0.008607499,0.021879427
9.6115744E-4,-5.895643E-4,-0.0011798303,0.014533984,0.01023869,-0.0020498172,0.0132322125,-0.007080846,0.0137632415,0.019043634,-0.0150092,-0.0058511207,0.008626009,0.0034539292,0.01128847,-0.011066119,0.006211811,-0.026407856,-0.016336663,-0.020590328,-0.021015096,0.011777636,-5.051799E-4,-0.03324051,-0.014538373,-0.04079529,0.029572152,-0.022593513,-0.052228317,-0.07451075,0.10724787,0.05932194,-0.052214094
-0.001720501,-5.958324E-4,-0.0012643818,0.0039043296,0.0079326425,0.0014136006,-0.022236692,-0.011575981,-0.020739652,0.0015444438,-0.021692287,0.00762668,0.018223675,0.018753756,-0.011517797,-0.025609212,0.027495673,-0.056985665,0.019454252,0.005336127,0.044742696,0.0075232848,-0.0025384217,-0.0072604804,-0.0119141275,-0.0015784819,0.009349854,0.03684922,0.035214566,-0.03362358,5.0657033E-4,0.012745299,0.028680457
0.004851572,3.0159042E-4,4.34308E-4,4.2674907E-5,5.8803934E-4,-0.008110066,0.0018396352,-6.411865E-5,-0.016182909,0.0011624733,-5.542694E-4,-0.0061566653,-0.00196008,0.003358021,-0.0012546396,8.810501E-4,7.675561E-4,-9.1624E-4,-0.001155728,0.0013501632,-3.6980468E-4,0.0023626327,-0.026393216,-0.0026829736,-0.0041927677,-5.022595E-4,0.0014976895,-0.022159185,-0.004410511,5.5014517E-4,7.8579877E-4,0.0017312795,-0.027109152
-4.925089E-4,0.0016200856,-0.002451756,0.0020336555,0.003124011,5.633431E-4,-0.006026087,-0.0039738566,-0.008256774,2.3592885E-4,0.0016930378,-0.0048302105,0.017660016,-0.017934892,0.013024915,-0.011556445,0.01202539,0.015325796,-0.018600428,-0.009466412,0.006669476,-0.011983524,-0.038823288,-0.007299406,0.003233632,-0.0012901983,0.014344462,-0.028580537,-0.041460805,0.0112413075,-0.017758066,0.01239494,-0.06911787
0.0037057227,2.6906782E-5,-5.740212E-4,5.3151406E-4,0.0013249539,-0.0057736565,-0.0014755513,-0.0012482429,0.025790337,-1.7474023E-4,5.5956526E-4,0.012408434,0.005527641,-0.0026701891,0.0027262776,-0.0029782588,0.004850293,0.0027676884,0.061409965,-0.0036594537,-0.0018444894,-0.0021933015,0.13987985,-0.0019932962,-5.8290584E-4,-0.003946317,-4.2415175E-4,0.019790465,-0.011338187,-0.002792392,-0.0054126466,-2.1864612E-4,-0.03814016
6.4605985E-5,0.0037529573,0.0011039141,0.0029170865,-0.005789304,3.7457995E-4,-0.0018335284,0.0031186978,0.0024270415,0.0016615321,0.0063099475,-1.3746152E-4,-2.4761003E-4,-0.008342779,-0.010977685,0.010470135,-0.010442179,0.003202031,0.0034092364,0.004785026,0.009463934,-0.0063106865,0.0054247277,0.02505916,0.01103696,0.013929138,-1.8812706E-4,-0.024757864,-0.045955025,0.019754378,-0.06558858,-0.01981701,-0.021811873
-1.0104413E-4,4.4270384E-4,-2.5094409E-5,-0.0017241477,0.0047482043,0.0021229784,-0.0011919516,-0.0013802163,7.571763E-4,-1.2847628E-4,0.008628099,1.336179E-4,-0.015831292,0.0347569,0.007901357,0.01995984,-0.031212537,-0.027578019,-0.0016949782,-5.9095665E-4,0.008533804,0.036152113,9.772961E-4,0.0045236987,0.00261016,0.008505137,0.011834306,-0.011089806,-0.008106096,-0.011604859,-0.026442774,-0.0047589433,3.88823E-4
5.370918E-4,0.00119721,-0.0025799782,-0.0013251543,0.0026278023,-0.0029471794,0.00880292,-0.002275711,5.1052903E-4,0.014294902,-0.0014357737,-1.2644644E-4,-0.0013573573,-0.0026232754,0.003061262,0.0037877178,0.0062455735,-0.009005884,-1.9805436E-4,0.010691507,0.013606504,0.014338113,0.004929937,-0.02312539,0.008136799,0.0019759843,0.027456816,-0.018888498,-0.05994639,-0.01810404,-0.024952076,0.010960798,-0.049065754
5.995274E-4,8.340954E-4,-0.0025667716,-0.005098602,-0.004328461,-0.004514214,-0.0043680905,-0.0062622973,-0.0022040287,-9.956092E-4,-0.007354851,-8.200157E-4,-0.003768367,-0.0032127723,0.002581363,-0.009113441,0.002573916,-0.02654203,-0.0010490385,0.0037839238,-0.023596387,0.011761231,2.5416067E-4,-0.013371486,-0.016793115,-0.020404741,0.024911463,-0.0013908253,-0.021834435,0.026282292,-0.04305701,-0.016072892,0.011345563
0.005200031,0.0012308413,-2.8472787E-4,0.0019172862,0.0010041284,-0.013256971,0.0023899288,0.0039352607,-0.0058242045,2.2036007E-5,0.00334527,-0.01459543,-0.0025310847,6.569592E-4,5.01863E-4,-8.6664606E-4,-0.0035417199,0.0047299317,-0.021241184,-3.873575E-4,0.013409572,-3.2767693E-5,0.0055428445,1.7929697E-4,0.0044806106,-5.5589876E-4,0.0036411858,-0.027106943,-0.026621353,-0.0017164297,-0.026942285,-0.004328858,-0.050074387
-8.913308E-4,-0.002293945,-0.0020641258,8.636535E-4,0.007205424,0.0017707376,-0.008042186,0.012104167,0.003918033,-0.009741971,0.020184027,-2.443332E-4,0.0060032737,-0.014686941,0.01404535,-0.012644046,-0.008536961,-5.742103E-4,-0.0021085031,-0.009218049,-0.0020017917,-0.01288757,-0.0028946928,0.005909385,0.022024523,-2.6691332E-4,0.0010116335,0.0030344853,0.007012729,0.0063566086,-0.011884174,0.015555542,-0.008712116
0.004088076,-8.983729E-4,-5.859214E-4,-0.0026035737,3.41695E-4,-0.0013959034,-0.0036952381,-0.0028941326,-0.013741231,-0.0050969757,-6.7218934E-4,-0.010894558,5.028477E-4,-0.0023562626,-0.0029427018,-0.003917089,9.263051E-4,-0.0051721972,0.0016781385,-8.839475E-4,-0.006229495,-0.003438371,-0.003876876,0.0022532337,9.7531884E-4,7.2413555E-4,7.342288E-4,-0.006831545,0.01602536,0.001485552,0.0089192195,-0.0026931236,-0.008450874
-9.0601396E-5,8.973622E-4,-0.0031647424,-0.0053879027,-0.0014454211,0.0015591265,-0.0016129405,-0.008422906,-9.045673E-4,-0.008735842,-1.3399117E-4,0.0013711167,-0.004241063,-0.008836762,-0.007091172,-9.080599E-4,0.0040565734,-0.0044225683,0.0033645227,0.0021090584,-0.019047212,-0.014369553,0.0029690184,0.004874253,0.0014205843,-0.006526233,0.018648438,-0.018140007,-0.043054383,0.0023822254,-0.0060408665,-0.0026880894,-0.03776822
0.0011347029,-0.0010490152,0.0013248753,0.0015248508,8.7636785E-5,3.441847E-4,4.7979996E-4,0.002457053,-0.014475197,0.0021002807,5.9230067E-4,5.9135805E-4,0.0010644766,5.0069357E-4,0.0031207965,0.0031630925,-4.4545077E-4,-0.002829521,0.017786488,-0.0031983508,-0.0033204283,-3.0137284E-4,-0.0016598384,0.0027184698,-0.0028953531,5.0267484E-4,-0.009445758,0.019921802,0.023814138,-0.0017849781,0.013481369,-3.07961E-4,0.015799487
-2.0912837E-4,-6.23555E-4,0.0023013013,4.8171854E-4,5.7072313E-5,9.0040197E-4,0.002063009,0.008251945,0.0016185857,-0.0018419664,0.0010484097,-8.329297E-4,0.011150937,-0.004683645,0.0077267266,-0.017623918,-4.6216166E-5,-0.005805667,5.8643846E-4,4.0517738E-5,-0.008654203,0.0047774757,0.0013650884,-0.014967137,-0.012498824,-0.004299364,-0.0080696,0.009289658,0.01886843,0.017001068,0.013396786,1.0688678E-8,0.05269681
-3.792769E-4,-0.0023590915,3.28019E-4,-0.0029450448,-0.0016505604,0.0018243735,-0.00285995,0.0034506388,-4.2656114E-4,-0.019688822,0.0044319425,0.0021662845,0.007940021,0.0026702816,0.0026622359,6.0884355E-5,-0.020988049,-0.008524021,0.002911666,0.008753219,-3.978835E-4,0.010865731,8.724483E-5,0.028714797,0.012767912,0.009568044,-0.021569684,0.018932447,0.041349903,0.01040901,0.020073911,-0.034816734,0.065752685
-1.2867051E-4,2.6665747E-4,0.0014556301,-0.0013839118,8.907657E-4,0.0017080274,5.8955644E-5,0.0040673693,-8.6193864E-4,-0.008978928,0.0036175982,4.6533463E-5,0.014130626,-0.012639751,-0.0010155264,-0.0072926315,-0.011423863,-1.7883153E-4,-8.93081E-5,-0.0046443157,-4.745402E-4,-0.004859209,-0.0012113788,0.010945994,0.0030547087,0.004818045,-0.005986487,0.0011879817,0.0064436845,0.009787489,0.009365916,-0.008497051,0.018941311
-2.6152804E-4,0.0027562266,2.560163E-5,-0.0013297123,0.004413614,4.0464554E-5,-0.01065692,0.0033605795,0.0011407058,-5.569898E-4,-7.0508395E-4,4.4570107E-4,-0.0028732975,0.023330035,-0.013830783,0.0030315437,-0.0022241278,0.0139350975,0.0015585539,-0.0049987594,0.039271988,0.011984082,3.444748E-4,0.008700781,0.0035669368,0.0011336548,-0.0029073353,-0.016333958,-0.010881508,-7.8031555E-4,-0.07335041,0.026058404,-0.044696137
2.66978E-4,4.4436127E-4,-0.0015281141,-0.0014735804,0.0024577975,-0.002839691,0.0021446103,0.00197023,0.0034906312,0.0060949633,0.0028150561,-0.0025881461,-0.008230031,-0.0103647625,-0.023964716,-0.009161463,0.005568392,0.02726373,-0.0029679728,0.016947426,0.016119506,0.0033268929,0.0014040141,-0.015612733,0.023578623,0.0065003308,0.011361216,-0.007961428,-0.020881256,-0.010422494,-0.020732189,0.020544177,-0.033346392
-0.0021158478,-0.00349727,8.9370855E-4,0.0010310994,9.873699E-4,0.0063266344,-0.0059088995,-0.0023929134,0.021379633,-0.0010255434,-0.0040594293,-0.011296014,0.012818955,-0.0037191315,-0.0021273124,-0.010995921,0.0074104103,-9.808766E-4,-0.016322326,0.0010457857,-0.004047068,-0.007383077,0.007097646,-0.001825415,-2.2459625E-4,0.007998831,-0.01513453,0.014264125,0.07475907,5.0405384E-4,0.062359225,0.005366822,0.07395778
-0.0015229521,1.2910327E-4,0.0022751617,0.0025866241,7.640827E-4,0.004478194,0.0013766497,-0.0010955455,0.014905278,-0.002895825,0.0025442056,-0.008754133,-0.0051509817,0.008069702,0.003860216,0.0095999595,-0.01698794,0.003243685,-0.01341851,-0.004062534,-0.002808565,0.01221002,0.0022816884,0.0062211547,0.0049985764,0.0062523503,-0.003364002,-0.007970035,0.013647952,-0.010359652,0.027399454,-0.0042840666,0.011726061
0.0010684235,-0.0010174337,0.0014795265,0.008055307,7.4386E-4,-0.0035977094,-0.0010412298,0.0039088014,-0.0016258062,0.0055014617,0.0017672697,-9.512921E-5,-0.014174827,0.015864538,-0.014750653,0.0073595215,0.008620156,0.007323436,0.002411292,-0.006643561,6.749507E-4,-0.018203367,0.0054526078,0.014807623,-0.0056324047,-0.0053663254,-0.025538035,0.015739264,0.034211658,-0.017893858,0.019903934,0.016631093,9.062447E-4
-0.0012433949,-0.002386352,0.0014579373,0.00685255,0.0055449926,0.006476996,-0.008551309,-0.0067633362,4.112021E-4,-5.220205E-4,-0.0043136803,0.006708736,0.013902713,-0.0077616638,-8.886089E-4,0.001966168,0.0036361825,0.0076086773,0.0023286736,-0.0029835592,0.006900895,0.0073741977,-0.013084147,0.01490305,0.01741867,0.0044417786,-0.013190255,0.017834853,0.05926402,-0.027258974,0.062674165,0.0144257555,0.012178732
-0.0010527588,-0.002359597,0.0022838167,-0.0017627475,-0.0030770877,0.002334962,0.0022388163,0.008927755,0.0016964611,0.0019893823,0.004920617,0.0048970953,-0.0120063685,0.017820105,-0.0082293805,-0.007837794,-0.009367088,-0.003711908,1.8235462E-4,-0.0023558382,0.001989017,-0.015505245,-0.008042654,-0.018480608,-0.016886622,0.017667502,-0.011373106,0.025124745,0.04974447,0.012302925,0.018723067,-0.0059915106,0.07400891
-9.384481E-5,-1.5450854E-4,-6.008209E-4,8.34996E-4,-0.0038502195,-0.003199853,0.0047995043,0.0016103914,0.0012834375,0.008385587,4.4843263E-4,0.0022600763,-0.008411139,0.0013089936,-0.003194827,0.011309813,0.0123128,0.0040894197,-0.0018415605,0.0038147492,-0.012360893,-0.009292052,-0.0037776881,0.010022119,-0.008324869,-0.010238587,-0.013482445,0.009411985,0.004740443,0.0053992346,-0.007649084,-0.0017405081,0.0067206644
-2.966345E-4,-9.1973535E-4,0.0013992693,-0.0036984615,-0.0016180968,0.0011939247,0.0038126456,0.0019824333,0.0013788296,0.0043664942,4.8362106E-4,-6.1399577E-4,-0.0076194583,0.018856991,-0.0033675719,0.01620322,0.015315455,0.008326122,8.8007195E-4,-0.0051033823,0.0013690644,-0.01893203,0.0022788695,0.007772307,-0.017632553,0.003815356,-0.024745077,0.010211671,0.036965385,-7.5571064E-4,0.015115438,0.0045569977,0.014007908
4.3605792E-4,-0.0017453115,-3.5686544E-4,0.0018094273,0.002260917,-0.0019208202,-0.0037689803,0.009174934,-0.0016151041,-0.009433755,0.005903759,0.001120992,0.0140452115,-0.00856224,0.004870754,-0.005477503,-0.007097695,0.020353448,-6.695112E-4,-0.005666839,0.015149311,0.0013233661,-7.075259E-4,0.021838691,0.024097841,6.981463E-4,-0.02353427,0.009352155,0.025576169,-9.665577E-4,-0.0049861143,0.0010626148,0.0039589684
1.2312793E-4,0.0017455558,-0.0012326608,-0.0012968102,-0.0038110106,8.625048E-4,0.0021336924,3.7257676E-4,0.0039350223,0.004420185,-0.0033752234,3.2443114E-4,-0.0065345257,0.0031742796,-0.0017825341,-1.3133325E-4,0.011609562,-0.0041249236,-0.009836806,0.0024223872,-0.0016223071,-0.009091293,-0.008942046,-0.0065784296,-0.010860848,-0.004941494,0.008804449,-0.0217634,-0.03530421,0.009479012,-0.03265055,9.4666565E-4,-0.018131398
0.0011135184,-7.1501965E-4,0.0014769703,0.002842018,0.0042123883,-2.1253226E-4,-0.0025458564,7.9065276E-4,-0.001817439,-0.0067344587,0.0016663084,0.008117246,0.008707689,-0.0015674934,-0.0015618623,-0.012116679,-0.005193938,0.009827533,0.0010280119,5.8931916E-4,0.0017961981,0.0042462894,-0.0025396382,-0.003049704,0.0032107127,0.0034920713,-0.005292303,0.0049864906,0.023724256,-0.0042290716,0.0376229,0.0055128527,0.009438468
1.7013165E-4,6.918907E-4,-0.0013235275,0.0023361302,0.0032418438,0.0023756067,-0.0051645166,0.0036775095,0.0041306126,-0.011104583,-0.0013869521,-0.005100697,0.0037569357,-0.006000766,-0.002772283,-0.010931116,0.0019012331,0.008016557,5.743124E-4,6.7141395E-5,9.726827E-4,0.008431146,0.0036618223,0.011732514,0.015705176,-0.018174728,0.0034050376,-0.015129707,-0.02901343,-0.008059376,-0.020520017,0.017149594,-0.03516976
7.6415436E-4,7.772333E-7,0.0020497125,2.7312603E-4,0.0035523598,0.0018879205,0.0021522255,5.0842605E-4,0.0026246237,-1.2597548E-4,0.003104449,-0.0012285167,-0.002868865,-0.0021149626,-9.0545136E-4,0.00656416,-0.006394916,0.0017384529,-0.002505919,-0.004530434,-0.021058142,0.009480705,0.001400023,0.0052318294,-0.004854214,-0.014115166,-7.7948393E-4,-0.0033594891,0.010839189,-0.004050017,0.022246622,0.014734297,-0.003213113
-3.2237364E-4,-3.952931E-4,0.0014437072,0.0029481482,9.470961E-4,1.5774868E-4,0.003657016,0.0060691927,0.0024366754,7.192694E-5,0.0050196997,-0.0019476147,0.013454185,-0.005364758,-0.0072168624,-0.014806305,-0.010787893,0.010127464,-4.1502778E-4,0.0058283294,0.009994783,-0.0061173053,0.0011215684,-0.0074736704,-1.60888E-5,0.018463638,-0.0065370295,0.009158873,0.012620958,0.010407355,0.027786333,-0.007940865,0.034638327
9.437923E-4,-0.0018364581,3.3458552E-4,-2.6227284E-4,-2.7392054E-4,-0.0019016797,-0.0067734574,-0.006600322,3.650388E-4,-9.869841E-4,-0.0048195976,-0.001391091,0.008676323,0.0048528924,0.011094026,8.996126E-4,0.005523676,-0.003387637,-0.0021163113,-2.052871E-4,0.01506539,8.046201E-4,0.0024665461,-0.0025600526,0.0016029889,0.017356506,-0.009741,0.01048735,0.04488757,-0.001584212,0.024381734,-0.014436803,0.02356885
-8.858119E-4,0.0019157336,-0.0011137119,0.0028524539,0.00384388,-0.001641106,-2.5909804E-4,-0.0010817975,-0.009701884,-0.0034523169,-4.1007288E-4,-0.0040597706,0.0025990016,-0.0059386324,0.0061706314,-0.006976212,0.005811663,0.0039364104,0.002041866,9.2474086E-4,0.00134471,0.0028048772,-7.257488E-4,4.107767E-4,-0.0027860377,-0.0133196665,0.009453951,-0.0020255498,-0.04413575,-0.0042297645,-0.012206233,0.001048717,-0.04459319
4.1382078E-5,-0.0013398562,7.134262E-4,0.0014051434,0.0020305722,-0.0010463027,1.2865108E-5,-0.0016788327,0.016055519,-6.0497475E-4,0.0017910064,0.0072495015,8.555151E-4,-3.5744633E-5,0.0015620249,0.0018460831,-0.002140468,0.0026294438,-0.008798369,0.0012182889,-0.004689392,0.004826566,-0.0047262907,0.0048806337,0.0011828614,1.6666586E-4,-0.01044095,0.005637602,0.034679268,-0.0060215364,0.034173653,-0.0021128615,0.018028855
1.3742766E-4,-0.0028501225,0.0017356055,0.0034787704,8.2802604E-4,-0.0017066122,0.0012904456,-3.1263963E-4,-0.002376761,-0.0010036903,0.0054078153,2.4855588E-4,-0.011332549,0.004987538,-0.00809393,0.00578569,-0.013392796,0.004883952,-5.180594E-4,0.006520572,0.00332717,6.3164055E-4,-1.2949352E-4,0.005194981,0.014477462,0.017300373,-0.013992771,0.026654173,0.052966032,-0.019913502,0.055682603,-0.009575451,0.035256974
2.3129219E-4,-0.002118233,0.0022666762,6.256252E-4,0.0022564568,-0.003037206,0.0014253475,-9.0849947E-4,-0.008986131,0.0021935855,0.0024713727,-0.0036536402,-0.0026187347,0.0033806448,-0.0010233051,0.010623389,-0.011062913,0.008525183,-0.0032723243,-0.0055963057,-0.0011386101,0.0049628094,-0.0041233315,0.0072743734,4.551741E-4,0.0049813865,-0.015238616,0.026974736,0.055869892,-0.009291545,0.04081477,-0.0058830786,0.02518402
-0.0011893606,-0.0017093896,0.0010407903,-1.3544603E-4,0.0013538294,-0.001694037,-2.247488E-4,-0.0032086775,0.010760961,6.671084E-4,-8.5782213E-4,0.010195439,-0.0024296243,0.0030553634,-0.0015689081,0.0056992373,-0.0019141944,0.010612141,-0.0027361081,-9.441008E-4,-7.3730794E-4,0.0058800853,-0.0028204022,0.003829858,0.004659963,0.0033046077,-0.011444215,0.01886339,0.038639773,-0.009794712,0.030448385,-0.0013972347,0.023181243
-3.5614017E-4,1.7680867E-4,8.257183E-4,-7.615235E-4,0.0013607536,0.0016154305,0.002429429,0.0020364528,0.0039783875,0.004845762,0.002681337,-6.277161E-4,0.0029434871,0.0025532998,-0.0020315212,0.004235357,-0.0064511164,-0.0042947205,0.0022691246,-0.0033935162,-6.7499746E-4,2.5976432E-4,0.005342128,0.0035130081,-0.0056755044,5.1410054E-4,-0.0019838985,0.0025868248,0.007721299,0.0030293292,0.0020408337,0.0013422435,0.012232456
5.3279193E-5,0.0024084288,-0.001701308,-0.0015599201,3.2534896E-4,-5.404595E-4,0.0030291514,0.0037928403,0.0024666411,3.9618238E-4,0.002861742,0.005693556,0.0030530617,0.0012190203,0.0021746808,-0.0021875508,-0.0015044787,-0.011015405,-0.0028206874,-3.650106E-4,0.003968665,-0.0028147541,-0.005431353,-7.3119317E-4,-0.0052457503,-0.0056839245,0.012919545,-0.022180159,-0.054212097,0.010192387,-0.043773036,9.5360004E-4,-0.02593073
4.8142739E-4,0.0012753499,-0.002479104,5.2887335E-4,-1.495459E-4,-0.004315366,0.001776629,4.412249E-4,1.9900172E-4,9.9321456E-5,6.569205E-4,6.7754183E-4,-0.010721386,0.00844178,-0.00481189,0.005465011,0.004394828,0.002650507,-2.6400114E-4,0.0054458,0.0033547778,0.0018668527,9.314488E-4,0.0076185944,0.0037878493,-0.010921773,0.0039085005,-0.011862375,-0.040864594,-0.0037132986,-0.0363831,0.0039642723,-0.038055364
-7.7871676E-4,-4.5401626E-4,6.996504E-4,0.0017960451,0.0029211587,-0.0046634753,-0.0018755883,0.0019057537,-0.0048763496,-0.009377546,0.004231307,-0.005633549,-0.0043845605,0.0056585553,0.009621578,-0.004535772,-0.0069898427,0.0070980648,-0.008669756,-0.0014431635,0.004278485,0.0051509175,-0.0071136644,-0.0011495223,0.0013287709,5.6855375E-4,-0.0039543924,0.011122606,0.01096819,-0.0041531757,0.014987214,-0.008697965,-0.0019050646
-0.0012603955,-0.0013684303,-5.588462E-4,-0.0021037012,-5.4060447E-4,0.0015908014,0.001112892,-9.919425E-4,-0.009851814,0.0054750545,-0.0020539833,-0.0075646634,0.0055372026,-1.16244715E-4,-0.006325974,0.0029295732,6.3418306E-4,-0.005526327,-0.011160847,0.0011423236,-0.0018258903,-0.0011598811,-0.011455618,0.0019317812,-0.0010648783,0.0025950545,-0.0048543597,0.0050026323,0.021045225,0.0026961635,0.008263583,0.004087514,0.031387344
8.927321E-5,0.0015495558,6.65063E-4,0.002456581,-9.511404E-4,0.005796772,-0.0034229972,-0.0014814428,3.7531037E-4,0.001773217,-0.0048179957,-0.004760931,-0.0025828434,-3.8512592E-4,-0.0039649326,-0.003179699,0.008511061,0.0010148579,0.0025666193,-3.97874E-4,7.723159E-4,-0.0010065115,8.556852E-4,-0.0033071851,5.0910545E-4,-0.0034625577,0.007202603,-0.015445038,-0.015836261,-0.005472941,-0.008455115,0.014064611,-0.021932008
-5.037053E-4,0.0028820909,-0.0011904265,-1.6383527E-4,-0.002024566,0.0018187513,-0.0011283521,2.5613039E-5,-0.005295204,0.0034224186,-0.00130541,-0.0034729294,-0.0034787315,-0.008567107,-0.0011771885,-0.0029252616,0.00681138,2.2691656E-4,-0.0113945855,2.7004536E-4,6.10023E-4,-0.0052616326,-0.013171766,-0.0065609687,2.4926148E-5,-0.006712692,0.019801231,-0.026086422,-0.05680182,0.008100865,-0.048884787,0.007724551,-0.041985843
-1.3519307E-4,-0.0020728004,3.6035682E-4,-0.0032550576,-9.48237E-4,0.002247094,-0.0037562265,-0.00109478,4.978152E-4,0.004459189,0.0032647606,0.0011802457,-0.0039613605,0.0021268215,-0.006966796,0.0023793099,-0.0034704008,0.0025767048,0.0036851172,0.005027452,-0.009297901,0.0030968718,0.004679175,-0.004865273,-2.6193197E-4,0.006160358,-0.004085109,0.0138362935,0.044025637,0.010623602,0.010078408,0.0031538587,0.03744316
2.3425893E-4,-0.001906279,0.0010424483,0.0022917294,6.1322114E-4,-0.002537825,-0.002675297,0.0018761705,9.941971E-4,-0.0011586251,-0.0011846785,0.0042425473,-4.2192824E-4,0.002046189,0.00811276,-6.8768114E-4,-3.7894622E-4,-0.0013056675,4.514953E-4,-0.011373188,0.0034049288,-0.0050221025,0.0045232205,-0.001187508,4.159252E-4,0.0012511712,-0.008864085,0.016057016,0.032569733,-0.009528793,0.019053636,-1.9141023E-4,0.011570043
0.0011392361,0.003263207,-0.002280665,-6.576352E-4,-0.0010054309,-0.0041771866,0.0012047201,-5.477999E-4,0.0038048625,0.0025246786,-0.0019930827,0.0015053167,-0.001684059,-0.0050366363,-0.0034040948,-0.0028299834,0.004760967,-0.0058065723,0.0045667333,0.0057926215,8.3378033E-4,0.0011732636,0.0071462346,-0.004919758,-0.0025526236,-0.010873262,0.023406245,-0.029276136,-0.07340341,0.007976042,-0.052813888,0.0027611325,-0.051559623
-7.845438E-5,-0.0012712243,-1.3308057E-4,-8.332679E-4,0.0013322466,9.875867E-5,-0.0014849686,-0.005891463,0.0027002408,-3.0895002E-4,-0.0069742054,-5.0072896E-4,-0.001000398,0.009722572,-0.0057839784,0.0017294295,-0.001092628,-0.010327815,6.5612455E-4,0.005299076,0.0050020064,0.008509693,-0.0063152057,0.0014141235,0.0039398386,0.0042397976,-0.0020123248,0.007676473,0.025023269,-0.016067984,0.029232385,-0.0034842903,0.021976551
-0.0012781394,-0.0024505241,0.0015620493,-0.0010166186,6.6713995E-4,0.005092727,-0.0032987776,-4.3644954E-4,-0.009537432,-0.0019731708,-0.0016508144,9.917711E-4,-0.0019492771,0.0050747776,-0.0027641465,0.0031605368,-0.001106152,-0.002757243,-0.0083167255,-0.0012217861,-0.004009749,5.774541E-4,0.006631615,0.0045050834,6.877406E-4,0.0037984117,-0.011895593,0.020163903,0.052949183,-0.00697042,0.034026217,0.0031142998,0.040112767
2.8207578E-4,0.0027578876,-0.0018589384,-4.986989E-4,4.9608207E-4,-0.0028351734,0.0020519774,-0.0010973606,-0.0022953807,-9.3114673E-4,0.004267657,-0.0011859209,-0.0031814976,-0.0038377247,0.0012460075,-0.003658639,0.0078578275,9.6675346E-4,0.0012015733,0.009853774,0.0042472184,-0.005565645,0.0030333996,-0.0048754113,8.119608E-4,2.1125049E-4,0.0141214365,-0.017572284,-0.05706962,0.004662971,-0.026470194,-0.0015131267,-0.043715864
-2.6003554E-4,-0.001520107,0.0011023976,1.0286447E-4,0.0024746235,-9.99269E-4,-0.0016520482,0.001971536,0.011815278,-0.0030925446,0.005720544,-7.8610604E-4,6.628635E-4,2.9807055E-4,8.7325193E-4,-0.0027844566,-0.0013365513,0.004065507,-0.0063959677,-0.0025065588,-0.0017446438,-0.0055646393,-0.004266223,0.001604004,0.0023568133,0.005354366,-0.009835503,0.006012602,0.037472002,-0.002618938,0.030800598,0.0024949415,0.020897558
3.4139483E-4,0.0012767417,-8.927015E-4,0.0014528281,0.0014223639,0.0032019187,0.002340697,0.003913239,-0.00464698,-0.002707533,0.003335427,-0.0012848211,-0.0021392966,0.0011579077,0.0021302607,-0.002605494,0.0054648067,0.0011328746,0.0060391543,-0.0018552826,0.0017674472,-0.009420359,0.003457333,0.0028105383,-0.002185787,-0.0062245703,0.002376768,-0.00987231,-0.03253173,-0.002561492,-0.013319667,0.006012031,-0.034187812
-1.0938973E-4,0.0025568826,-0.0020070404,0.0033599623,8.4672135E-4,-6.5068107E-6,0.0018986763,-4.2945307E-4,0.002224514,-0.0011044466,-0.0029483843,-0.004841397,0.0064621745,-2.712449E-4,-0.0057108435,-0.00513889,0.0042320983,0.0018055027,-0.006753191,0.008381099,2.2142092E-4,0.002072198,-5.7631114E-4,0.003529839,-0.0011566952,-0.011041546,0.012034592,-0.029809598,-0.060526635,0.003330678,-0.02114712,0.0077198353,-0.03351405
1.8015702E-4,0.0019601178,-0.0017687159,-0.0010543285,1.0359514E-4,-0.005833994,5.757787E-4,7.2084495E-4,-0.0044587143,-0.0041919863,0.0019491639,-0.00230362,-0.004108717,-1.2972056E-4,-0.0034202326,0.0022041558,0.004684356,-0.0017040031,0.009238286,0.0052556735,-0.009279123,-0.0015927955,-0.0044572395,0.010444049,-0.0048198397,-0.016720865,0.008009598,-0.012583081,-0.04945962,0.007939788,-0.03416863,0.0012823527,-0.03492751
-1.8877051E-4,0.0014512921,-0.001625607,-0.0021787563,-0.0032285664,-4.7526628E-4,0.00227717,-0.00354945,0.0030436262,7.12994E-4,-0.0015109314,0.0037971805,-0.0068117455,0.005878998,9.7578875E-4,0.008663132,0.009020518,-0.001352438,-0.004172123,0.0077258847,-0.0040126517,3.1319784E-4,0.0033915436,0.002876285,-0.005119729,-0.004073633,0.003558892,-0.01622035,-0.03409216,0.00624854,-0.025186496,-0.00452642,-0.019400392
-6.563043E-4,-9.053025E-4,4.904587E-4,0.0020994085,0.002674941,4.0147261E-4,-0.0014999019,0.0011631361,-0.0012968094,-0.0021767467,0.0016191425,0.011922604,0.00982927,-0.004059857,-0.0022749603,-0.0023345926,-0.002476146,0.00318539,0.0026269113,9.056657E-4,-0.0032593447,4.0966025E-4,0.0033101512,0.01011176,0.0020015775,-0.0016244283,-0.0079361955,0.011213668,0.017911542,3.4467026E-4,0.020750942,0.0018364111,0.016925609
-1.3542829E-4,3.1706065E-4,6.852494E-4,0.0023535923,-4.023222E-4,0.0017750261,-3.9280302E-4,-9.4136834E-4,5.395962E-4,0.0057612145,-0.0044288137,-0.0011159105,0.001213621,0.0017643363,0.005723683,0.0010198586,0.0101569025,0.0030970771,0.003200408,-0.0028811162,0.013065085,-1.3361376E-5,7.949439E-4,-0.009302779,0.0012851878,0.0052536535,-7.21721E-5,-0.0027256638,0.0025951888,-0.009269997,5.351531E-5,0.008040221,-0.01077072
-5.909422E-4,9.613936E-4,-0.001259047,-0.0019089517,-0.0019547115,0.004363724,0.0025545263,-0.0028670765,6.977254E-4,0.0018276384,-6.5024284E-4,-0.0023451953,0.0067610457,-0.00256004,9.2543405E-4,0.0031949696,-0.0044391034,-0.004434118,0.0019762192,-5.7946093E-4,-0.0035096374,-0.0020797888,0.005315406,0.0025509691,-0.0019012126,0.0044771866,0.006612463,-0.013809301,-0.02575925,0.007694664,-0.008817977,-0.006296183,-0.004706716
-9.838664E-4,-7.9726626E-4,0.0012057723,-0.001052411,6.523891E-4,0.0021097667,-3.7030375E-4,0.0035893358,0.0012498685,-0.0030902312,0.0040604263,-0.0022827354,-0.007135494,0.003263137,-0.0012167805,-0.0010828958,-0.0022046226,0.0033717945,-3.1078202E-4,7.8498607E-4,-0.007963888,0.0013432723,0.0085042035,7.318053E-4,-0.0030315788,-0.003518607,-0.005651649,0.011685025,0.020962337,0.0029221475,0.008590843,9.3758234E-4,0.018316995
