2659.8918
1952.1152
1640.2144
972.5199
897.12537
764.35425
640.8038
618.7391
498.15964
492.16516
488.8265
431.45175
380.13052
374.04755
358.72073
356.66104
318.95584
300.8146
291.8364
281.10556
267.43484
262.01782
256.36423
237.20871
235.5327
232.91168
231.79031
220.01828
213.41246
212.36592
203.20802
202.43852
195.3861
189.73457
188.88008
188.10736
187.564
178.53458
173.75174
171.97198
169.21407
166.59367
165.8473
157.80762
152.44629
150.1512
149.37814
145.98059
143.51222
142.18562
139.44278
137.47348
133.58867
133.25964
133.10056
131.77744
131.42119
130.30537
124.68143
123.89675
120.85238
119.323
116.70224
